lat,lon,height_anomaly
66.8,-159,6.166922154564999
66.8,-158.75,6.277425083154001
66.8,-158.5,6.392319937458999
66.8,-158.25,6.513917878340998
66.8,-158,6.645870117212
66.8,-157.75,6.792317501761
66.8,-157.5,6.956361274734001
66.8,-157.25,7.138400813944999
66.8,-157,7.335031454992
66.8,-156.75,7.539077179808
66.8,-156.5,7.740967230978
66.8,-156.25,7.931169741883002
66.8,-156,8.10294832938
66.8,-155.75,8.254486536196003
66.8,-155.5,8.389537668128003
66.8,-155.25,8.516195605427001
66.8,-155,8.644015253984
66.8,-154.75,8.780326213901001
66.8,-154.5,8.926956161567
66.8,-154.25,9.078557678291
66.8,-154,9.223290270159
66.8,-153.75,9.345871145188999
66.8,-153.5,9.432208420707999
66.8,-153.25,9.474238367973999
66.8,-153,9.473416579495003
66.8,-152.75,9.441641231286001
66.8,-152.5,9.399129302044001
66.8,-152.25,9.369696375826004
66.8,-152,9.374711148806
66.8,-151.75,9.427439403866002
66.8,-151.5,9.529409905055001
66.8,-151.25,9.669846676149003
66.8,-151,9.828302623673999
66.8,-150.75,9.979686238432004
66.8,-150.5,10.100192952928
66.8,-150.25,10.172444397852
66.8,-150,10.188456124536
66.8,-149.75,10.149781538196
66.8,-149.5,10.065072880743
66.8,-149.25,9.946069822911999
66.8,-149,9.803433485486002
66.8,-148.75,9.643775833748
66.55,-159,6.612125905197999
66.55,-158.75,6.774800875684999
66.55,-158.5,6.950977920841
66.55,-158.25,7.130282388878
66.55,-158,7.303231946994999
66.55,-157.75,7.463616905754001
66.55,-157.5,7.609381414559
66.55,-157.25,7.741935687941
66.55,-157,7.864420097427999
66.55,-156.75,7.979787201608
66.55,-156.5,8.089544865727003
66.55,-156.25,8.193636903130001
66.55,-156,8.29138721476
66.55,-155.75,8.382930904054001
66.55,-155.5,8.470312625989999
66.55,-155.25,8.557555083594
66.55,-155,8.649447083666001
66.55,-154.75,8.749394280843999
66.55,-154.5,8.857172693873
66.55,-154.25,8.967609143639001
66.55,-154,9.070982532777002
66.55,-153.75,9.155353525485001
66.55,-153.5,9.210290065386999
66.55,-153.25,9.230837648865
66.55,-153,9.220333165512997
66.55,-152.75,9.190903262133999
66.55,-152.5,9.161171564779998
66.55,-152.25,9.151608814454001
66.55,-152,9.178788569042
66.55,-151.75,9.250265491384999
66.55,-151.5,9.361699227828003
66.55,-151.25,9.497213936908
66.55,-151,9.633005831214
66.55,-150.75,9.743204042537998
66.55,-150.5,9.806284037912002
66.55,-150.25,9.810160843933
66.55,-150,9.754508412249999
66.55,-149.75,9.649723534664
66.55,-149.5,9.512992241431
66.55,-149.25,9.362787261510002
66.55,-149,9.213552063013999
66.55,-148.75,9.072186350273002
66.3,-159,7.269498164882001
66.3,-158.75,7.445635739948
66.3,-158.5,7.631748817782
66.3,-158.25,7.807439800208999
66.3,-158,7.954515137587999
66.3,-157.75,8.062223875543001
66.3,-157.5,8.129917478029999
66.3,-157.25,8.166484460369002
66.3,-157,8.187013513831999
66.3,-156.75,8.208007039468001
66.3,-156.5,8.242816849823001
66.3,-156.25,8.298719543345999
66.3,-156,8.376326697070001
66.3,-155.75,8.471131059305002
66.3,-155.5,8.576263802727
66.3,-155.25,8.685233864076
66.3,-155,8.793616989014
66.3,-154.75,8.899241812750001
66.3,-154.5,9.001124478119999
66.3,-154.25,9.097938738934999
66.3,-154,9.186963497853998
66.3,-153.75,9.264174648799999
66.3,-153.5,9.325570578471002
66.3,-153.25,9.369191105549001
66.3,-153,9.396879284617
66.3,-152.75,9.414827644278999
66.3,-152.5,9.432366551709002
66.3,-152.25,9.459141828661002
66.3,-152,9.501525392871999
66.3,-151.75,9.559526982137001
66.3,-151.5,9.625442077601003
66.3,-151.25,9.684964227567001
66.3,-151,9.720671178466999
66.3,-150.75,9.716948314061
66.3,-150.5,9.664844902477
66.3,-150.25,9.565282818667004
66.3,-150,9.429498335530001
66.3,-149.75,9.27645197242
66.3,-149.5,9.12790699312
66.3,-149.25,9.002630812843003
66.3,-149,8.911463241158
66.3,-148.75,8.854726281914001
66.05,-159,7.800251312509
66.05,-158.75,7.957960246831999
66.05,-158.5,8.113534818001003
66.05,-158.25,8.241933000169997
66.05,-158,8.32297282885
66.05,-157.75,8.348004479366001
66.05,-157.5,8.323014876575002
66.05,-157.25,8.267248105383999
66.05,-157,8.207909148752998
66.05,-156.75,8.172748426129999
66.05,-156.5,8.182897669486001
66.05,-156.25,8.248088280135997
66.05,-156,8.365464550689005
66.05,-155.75,8.521964706264999
66.05,-155.5,8.699126907597
66.05,-155.25,8.878552620402001
66.05,-155,9.046291877532999
66.05,-154.75,9.195024051900001
66.05,-154.5,9.323816349800001
66.05,-154.25,9.436092216922003
66.05,-154,9.536932777331
66.05,-153.75,9.630830394809999
66.05,-153.5,9.720580449484
66.05,-153.25,9.807361346759999
66.05,-153,9.891498766862
66.05,-152.75,9.973165349202
66.05,-152.5,10.052412839785
66.05,-152.25,10.128380674981
66.05,-152,10.198056723792
66.05,-151.75,10.25533307553
66.05,-151.5,10.291124423065
66.05,-151.25,10.29496607469
66.05,-151,10.257909942035
66.05,-150.75,10.175927044561
66.05,-150.5,10.052657651023
66.05,-150.25,9.900394466808001
66.05,-150,9.738656733557999
66.05,-149.75,9.590466934833001
66.05,-149.5,9.477218626913999
66.05,-149.25,9.413547839699003
66.05,-149,9.403699091270001
66.05,-148.75,9.440471777477999
65.8,-159,8.172280742806
65.8,-158.75,8.301131857828002
65.8,-158.5,8.415368651215999
65.8,-158.25,8.492644705514001
65.8,-158,8.517793663049
65.8,-157.75,8.488709761521999
65.8,-157.5,8.418310448794998
65.8,-157.25,8.331886720396
65.8,-157,8.260675656790999
65.8,-156.75,8.233696835770001
65.8,-156.5,8.270380664690999
65.8,-156.25,8.376150865405002
65.8,-156,8.542075041674998
65.8,-155.75,8.748361141664995
65.8,-155.5,8.970321115892999
65.8,-155.25,9.184817173279999
65.8,-155,9.375301628231
65.8,-154.75,9.534253039498999
65.8,-154.5,9.662796562501002
65.8,-154.25,9.768201395761999
65.8,-154,9.860469903700002
65.8,-153.75,9.949243246018
65.8,-153.5,10.041823714313
65.8,-153.25,10.142485886492
65.8,-153,10.252698436814
65.8,-152.75,10.371621401044
65.8,-152.5,10.49634870761
65.8,-152.25,10.621738757188
65.8,-152,10.740110577149
65.8,-151.75,10.841355390745
65.8,-151.5,10.913978636471
65.8,-151.25,10.947241785291
65.8,-151,10.934055344473
65.8,-150.75,10.873807435603
65.8,-150.5,10.774111416817
65.8,-150.25,10.650638177018
65.8,-150,10.524731478499
65.8,-149.75,10.419213784204
65.8,-149.5,10.353423045644
65.8,-149.25,10.338842626703
65.8,-149,10.376568292278
65.8,-148.75,10.457326095007
65.55,-159,8.587384108066001
65.55,-158.75,8.681236395338001
65.55,-158.5,8.749018100200997
65.55,-158.25,8.779714221739001
65.55,-158,8.770344084675999
65.55,-157.75,8.728556803630999
65.55,-157.5,8.671948162484998
65.55,-157.25,8.624150896945
65.55,-157,8.608870313026999
65.55,-156.75,8.643736830056001
65.55,-156.5,8.735884349383001
65.55,-156.25,8.880545527465003
65.55,-156,9.062926668678001
65.55,-155.75,9.262567738661001
65.55,-155.5,9.458678520646
65.55,-155.25,9.634795247331999
65.55,-155,9.781527085529
65.55,-154.75,9.896954005859001
65.55,-154.5,9.985074120989999
65.55,-154.25,10.053268599536
65.55,-154,10.109874104783
65.55,-153.75,10.16263451655
65.55,-153.5,10.218226582159
65.55,-153.25,10.282488472364
65.55,-153,10.360671069786
65.55,-152.75,10.457100144358
65.55,-152.5,10.574035559964
65.55,-152.25,10.710050084512
65.55,-152,10.858673688219
65.55,-151.75,11.008153693151
65.55,-151.5,11.142893291478
65.55,-151.25,11.246541983376
65.55,-151,11.306043428166
65.55,-150.75,11.315465442495
65.55,-150.5,11.278349145795
65.55,-150.25,11.207681999613
65.55,-150,11.123313715391
65.55,-149.75,11.047451525732
65.55,-149.5,10.999503454972
65.55,-149.25,10.991757547324
65.55,-149,11.027109929712
65.55,-148.75,11.099380226085
65.3,-159,9.113017992870999
65.3,-158.75,9.151263360990997
65.3,-158.5,9.150200563738
65.3,-158.25,9.117324198294998
65.3,-158,9.06759392887
65.3,-157.75,9.020958525252999
65.3,-157.5,8.998108083237998
65.3,-157.25,9.015587347293001
65.3,-157,9.081741390477999
65.3,-156.75,9.194787521349999
65.3,-156.5,9.343651205193
65.3,-156.25,9.511294976058
65.3,-156,9.679439108784003
65.3,-155.75,9.833130513935002
65.3,-155.5,9.963728330164001
65.3,-155.25,10.069498296303
65.3,-155,10.15390618106
65.3,-154.75,10.222532519488
65.3,-154.5,10.27998296688
65.3,-154.25,10.328074645057
65.3,-154,10.36598382507
65.3,-153.75,10.392182117886
65.3,-153.5,10.407206048867
65.3,-153.25,10.415908159871
65.3,-153,10.427988159745
65.3,-152.75,10.456251392538
65.3,-152.5,10.512947677521
65.3,-152.25,10.605362797396
65.3,-152,10.732250379659
65.3,-151.75,10.882531670586
65.3,-151.5,11.036993052185
65.3,-151.25,11.172712383872
65.3,-151,11.268995053657
65.3,-150.75,11.313036555726
65.3,-150.5,11.303555042293
65.3,-150.25,11.251253344511
65.3,-150,11.175968897946
65.3,-149.75,11.10141314573
65.3,-149.5,11.049137328583
65.3,-149.25,11.033546137488
65.3,-149,11.059363461433
65.3,-148.75,11.12209132336
65.05,-159,9.628666092283
65.05,-158.75,9.591943247358
65.05,-158.5,9.504371943695997
65.05,-158.25,9.392893974628002
65.05,-158,9.290223905921998
65.05,-157.75,9.227310766171996
65.05,-157.5,9.225890163876999
65.05,-157.25,9.293277405018998
65.05,-157,9.420994827398001
65.05,-156.75,9.587710699647001
65.05,-156.5,9.765637770468002
65.05,-156.25,9.92844004278
65.05,-156,10.058211557345
65.05,-155.75,10.149405102115
65.05,-155.5,10.208610960349
65.05,-155.25,10.25047453654
65.05,-155,10.291321450404
65.05,-154.75,10.342787708122
65.05,-154.5,10.407680508713
65.05,-154.25,10.479452987314
65.05,-154,10.545364777011
65.05,-153.75,10.592083248557
65.05,-153.5,10.61161891284
65.05,-153.25,10.605379402363
65.05,-153,10.584799870962
65.05,-152.75,10.56822080589
65.05,-152.5,10.57501054732
65.05,-152.25,10.61890991609
65.05,-152,10.702876859131
65.05,-151.75,10.817233693899
65.05,-151.5,10.941836455719
65.05,-151.25,11.051664275882
65.05,-151,11.1241082757
65.05,-150.75,11.145689467956
65.05,-150.5,11.116124196461
65.05,-150.25,11.048509207902
65.05,-150,10.965628270659
65.05,-149.75,10.893585828662
65.05,-149.5,10.854766717625
65.05,-149.25,10.862262022841
65.05,-149,10.917362319979
65.05,-148.75,11.010691627064
64.8,-159,10.014145495363
64.8,-158.75,9.917256372405001
64.8,-158.5,9.770458467541999
64.8,-158.25,9.612487544416002
64.8,-158,9.484937999956001
64.8,-157.75,9.421805036828001
64.8,-157.5,9.440755974213999
64.8,-157.25,9.538785771488
64.8,-157,9.693652550420001
64.8,-156.75,9.870728586762
64.8,-156.5,10.033211251978
64.8,-156.25,10.15258278116
64.8,-156,10.216149762056
64.8,-155.75,10.229459829179
64.8,-155.5,10.213062047505
64.8,-155.25,10.194888052913
64.8,-155,10.200879028814
64.8,-154.75,10.24693118902
64.8,-154.5,10.334656530732
64.8,-154.25,10.452083108391
64.8,-154,10.578738739659
64.8,-153.75,10.693148030218
64.8,-153.5,10.78008484679
64.8,-153.25,10.83515511431
64.8,-153,10.865313723704
64.8,-152.75,10.885360360853
64.8,-152.5,10.911812069905
64.8,-152.25,10.956372795537
64.8,-152,11.021269685375
64.8,-151.75,11.098026569845
64.8,-151.5,11.170061034951
64.8,-151.25,11.218225896059
64.8,-151,11.227473344213
64.8,-150.75,11.192481076629
64.8,-150.5,11.120423988285
64.8,-150.25,11.029971623678
64.8,-150,10.946752015909
64.8,-149.75,10.896593905286
64.8,-149.5,10.898528259973
64.8,-149.25,10.959608288984
64.8,-149,11.073078852656
64.8,-148.75,11.22044764578
64.55,-159,10.21340267269
64.55,-158.75,10.104854870698
64.55,-158.5,9.965514427815002
64.55,-158.25,9.833627415936
64.55,-158,9.746285688415998
64.55,-157.75,9.729368685591997
64.55,-157.5,9.790255044251998
64.55,-157.25,9.915693893515002
64.55,-157,10.075659046928
64.55,-156.75,10.232119159453
64.55,-156.5,10.350081487459
64.55,-156.25,10.407545357909
64.55,-156,10.4013796813
64.55,-155.75,10.347480950495
64.55,-155.5,10.275407255177
64.55,-155.25,10.219392265239
64.55,-155,10.208657698267
64.55,-154.75,10.259960547139
64.55,-154.5,10.374384813069
64.55,-154.25,10.538887994815
64.55,-154,10.731581301006
64.55,-153.75,10.928669874724
64.55,-153.5,11.11070928056
64.55,-153.25,11.266356704302
64.55,-153,11.392849555322
64.55,-152.75,11.493618693793
64.55,-152.5,11.574334414611
64.55,-152.25,11.639032369699
64.55,-152,11.687729944237
64.55,-151.75,11.716275625733
64.55,-151.5,11.718344849955
64.55,-151.25,11.688783842422
64.55,-151,11.627104521517
64.55,-150.75,11.539920201521
64.55,-150.5,11.441438176127
64.55,-150.25,11.351670311174
64.55,-150,11.292639299795
64.55,-149.75,11.283408670409
64.55,-149.5,11.335137035581
64.55,-149.25,11.447468725282
64.55,-149,11.607375553343
64.55,-148.75,11.791059443756
64.3,-159,10.224299366199
64.3,-158.75,10.144269749206
64.3,-158.5,10.062097744926
64.3,-158.25,10.006231655282
64.3,-158,9.999858777614
64.3,-157.75,10.054030320339
64.3,-157.5,10.163918789381
64.3,-157.25,10.309661999785
64.3,-157,10.46177623571
64.3,-156.75,10.589594850329
64.3,-156.5,10.670155321481
64.3,-156.25,10.694792473478
64.3,-156,10.671457529557
64.3,-155.75,10.622193404091
64.3,-155.5,10.576747865756
64.3,-155.25,10.564454411596
64.3,-155,10.606881012048
64.3,-154.75,10.713265718508
64.3,-154.5,10.879664511547
64.3,-154.25,11.091472435983
64.3,-154,11.328006158576
64.3,-153.75,11.567459139903
64.3,-153.5,11.790804341294
64.3,-153.25,11.983918927183
64.3,-153,12.137996974704
64.3,-152.75,12.248874244104
64.3,-152.5,12.316039675976
64.3,-152.25,12.341882883641
64.3,-152,12.331319314649
64.3,-151.75,12.291588899228
64.3,-151.5,12.23190975015
64.3,-151.25,12.162805281213
64.3,-151,12.095185618419
64.3,-150.75,12.039462780221
64.3,-150.5,12.004971610035
64.3,-150.25,11.999744114347
64.3,-150,12.030376121362
64.3,-149.75,12.101538870745
64.3,-149.5,12.214789509572
64.3,-149.25,12.366743076834
64.3,-149,12.547222806796
64.3,-148.75,12.738421076262
64.05,-159,10.166598503395
64.05,-158.75,10.114131639577
64.05,-158.5,10.083180872278
64.05,-158.25,10.090377147169
64.05,-158,10.144082312064
64.05,-157.75,10.241710176993
64.05,-157.5,10.37004123661
64.05,-157.25,10.508782305668
64.05,-157,10.636490417708
64.05,-156.75,10.73707763483
64.05,-156.5,10.804805149359
64.05,-156.25,10.84611044855
64.05,-156,10.877653613081
64.05,-155.75,10.921240869655
64.05,-155.5,10.997313447546
64.05,-155.25,11.119098548993
64.05,-155,11.289172397475
64.05,-154.75,11.499245025288
64.05,-154.5,11.732830859632
64.05,-154.25,11.969568600588
64.05,-154,12.189623432852
64.05,-153.75,12.376913440703
64.05,-153.5,12.520645738865
64.05,-153.25,12.615450297999
64.05,-153,12.660888970684
64.05,-152.75,12.661096355996
64.05,-152.5,12.624841728811
64.05,-152.25,12.565676062282
64.05,-152,12.501414944515
64.05,-151.75,12.452272408458
64.05,-151.5,12.437524111967
64.05,-151.25,12.47139379627
64.05,-151,12.559514713579
64.05,-150.75,12.697438515758
64.05,-150.5,12.872091822279
64.05,-150.25,13.06598199393
64.05,-150,13.262770880121
64.05,-149.75,13.452104410921
64.05,-149.5,13.631694641554
64.05,-149.25,13.80564539489
64.05,-149,13.979544981624
64.05,-148.75,14.15429974561
63.8,-159,10.237204166244
63.8,-158.75,10.186917696549
63.8,-158.5,10.172586150276
63.8,-158.25,10.202199176343
63.8,-158,10.273755192157
63.8,-157.75,10.376007975839
63.8,-157.5,10.491868959312
63.8,-157.25,10.603730167753
63.8,-157,10.699217914108
63.8,-156.75,10.775560281086
63.8,-156.5,10.841034546357
63.8,-156.25,10.912817327891
63.8,-156,11.011726386163
63.8,-155.75,11.155412903877
63.8,-155.5,11.352139720178
63.8,-155.25,11.597134127222
63.8,-155,11.872669246666
63.8,-154.75,12.151803736907
63.8,-154.5,12.404544949743
63.8,-154.25,12.604519723085
63.8,-154,12.734268200743
63.8,-153.75,12.787960309998
63.8,-153.5,12.771353261145
63.8,-153.25,12.699722738218
63.8,-153,12.59494294538
63.8,-152.75,12.482726620437
63.8,-152.5,12.390420663322
63.8,-152.25,12.345055579479
63.8,-152,12.370973271905
63.8,-151.75,12.486548662979
63.8,-151.5,12.700221377035
63.8,-151.25,13.00691988361
63.8,-151,13.386507112594
63.8,-150.75,13.805709260998
63.8,-150.5,14.224014360014
63.8,-150.25,14.602537322998
63.8,-150,14.913435529114
63.8,-149.75,15.146775626736
63.8,-149.5,15.312218327305
63.8,-149.25,15.434474597514
63.8,-149,15.543678676616
63.8,-148.75,15.663793831556
63.55,-159,10.471982548801
63.55,-158.75,10.416618447527
63.55,-158.5,10.40959565103
63.55,-158.25,10.453768001427
63.55,-158,10.541000096855
63.55,-157.75,10.654691724487
63.55,-157.5,10.774604443797
63.55,-157.25,10.882817770799
63.55,-157,10.969184076347
63.55,-156.75,11.034643003944
63.55,-156.5,11.091258025529
63.55,-156.25,11.158745115032
63.55,-156,11.25832300554
63.55,-155.75,11.405595393951
63.55,-155.5,11.604577539811
63.55,-155.25,11.844741281854
63.55,-155,12.102118184459
63.55,-154.75,12.34431906717
63.55,-154.5,12.538174817479
63.55,-154.25,12.657950759787
63.55,-154,12.691970931746
63.55,-153.75,12.646022264099
63.55,-153.5,12.542879236905
63.55,-153.25,12.418344551296
63.55,-153,12.314988792717
63.55,-152.75,12.275078110781
63.55,-152.5,12.334003203177
63.55,-152.25,12.515058380068
63.55,-152,12.825945961426
63.55,-151.75,13.257121271319
63.55,-151.5,13.782100041175
63.55,-151.25,14.35998260647
63.55,-151,14.940454544371
63.55,-150.75,15.471185469171
63.55,-150.5,15.906834797263
63.55,-150.25,16.218002499937
63.55,-150,16.397838138313
63.55,-149.75,16.464059113431
63.55,-149.5,16.455043113541
63.55,-149.25,16.42030884872499
63.55,-149,16.407579048612
63.55,-148.75,16.450025695612
63.3,-159,10.691373463447
63.3,-158.75,10.658042793816
63.3,-158.5,10.685734150175
63.3,-158.25,10.773285333066
63.3,-158,10.908570852084
63.3,-157.75,11.071319654643
63.3,-157.5,11.237687513838
63.3,-157.25,11.385590495021
63.3,-157,11.499615938502
63.3,-156.75,11.574380968347
63.3,-156.5,11.615500979739
63.3,-156.25,11.637826727686
63.3,-156,11.661237763431
63.3,-155.75,11.704926568691
63.3,-155.5,11.7816145865
63.3,-155.25,11.89333859469
63.3,-155,12.030207055645
63.3,-154.75,12.172832784723
63.3,-154.5,12.29813218321
63.3,-154.25,12.387114349122
63.3,-154,12.432505973775
63.3,-153.75,12.443863162161
63.3,-153.5,12.448338527746
63.3,-153.25,12.48639938522
63.3,-153,12.603213846763
63.3,-152.75,12.83770433818
63.3,-152.5,13.212013840482
63.3,-152.25,13.724111845371
63.3,-152,14.345502521982
63.3,-151.75,15.02473167957
63.3,-151.5,15.695995270723
63.3,-151.25,16.290999719283
63.3,-151,16.751566431403
63.3,-150.75,17.040395955414
63.3,-150.5,17.147849907986
63.3,-150.25,17.093424092649
63.3,-150,16.92160684211199
63.3,-149.75,16.692888262711
63.3,-149.5,16.47166252452
63.3,-149.25,16.31348633331
63.3,-149,16.254444312398
63.3,-148.75,16.30507080526
63.05,-159,10.802549999977
63.05,-158.75,10.827729542254
63.05,-158.5,10.915299436385
63.05,-158.25,11.059159109828
63.05,-158,11.244980621795
63.05,-157.75,11.452657553804
63.05,-157.5,11.659281138855
63.05,-157.25,11.84226363576
63.05,-157,11.982458062152
63.05,-156.75,12.067172358775
63.05,-156.5,12.092774948602
63.05,-156.25,12.066263109285
63.05,-156,12.004981015286
63.05,-155.75,11.933886802594
63.05,-155.5,11.880456921192
63.05,-155.25,11.868291045735
63.05,-155,11.911325452595
63.05,-154.75,12.010810397584
63.05,-154.5,12.156574951031
63.05,-154.25,12.332671847409
63.05,-154,12.525737137207
63.05,-153.75,12.733020583592
63.05,-153.5,12.966694327107
63.05,-153.25,13.252028562924
63.05,-153,13.619108613809
63.05,-152.75,14.090249848968
63.05,-152.5,14.667207322634
63.05,-152.25,15.322874744027
63.05,-152,16.001089235236
63.05,-151.75,16.625693424827
63.05,-151.5,17.116976296403
63.05,-151.25,17.411071812907
63.05,-151,17.476732476998
63.05,-150.75,17.324519739245
63.05,-150.5,17.00564736652299
63.05,-150.25,16.600735219705
63.05,-150,16.201594657833
63.05,-149.75,15.890995398683
63.05,-149.5,15.72566958163
63.05,-149.25,15.726616230858
63.05,-149,15.878551485014
63.05,-148.75,16.137828947263
