lat,lon,gravity_anomaly
66.8,-159,10.354173324659
66.8,-158.75,10.714942364328
66.8,-158.5,11.055031033756
66.8,-158.25,11.37623023764
66.8,-158,11.680477658005
66.8,-157.75,11.969830801485
66.8,-157.5,12.246438998626
66.8,-157.25,12.512514644632
66.8,-157,12.770303979083
66.8,-156.75,13.022057707649
66.8,-156.5,13.270001771705
66.8,-156.25,13.516308571911
66.8,-156,13.763068949175
66.8,-155.75,14.012265220928
66.8,-155.5,14.265745562322
66.8,-155.25,14.525200010696
66.8,-155,14.792138357628
66.8,-154.75,15.06787017595
66.8,-154.5,15.353487209537
66.8,-154.25,15.649848331355
66.8,-154,15.957567250559
66.8,-153.75,16.277003122293
66.8,-153.5,16.608254184621
66.8,-153.25,16.951154515907
66.8,-153,17.305273973147
66.8,-152.75,17.669921337644
66.8,-152.5,18.044150659255
66.8,-152.25,18.426770754575
66.8,-152,18.816357778295
66.8,-151.75,19.21127075085601
66.8,-151.5,19.609669889964
66.8,-151.25,20.009537558818
66.8,-151,20.408701610591
66.8,-150.75,20.804860877064
66.8,-150.5,21.19561251996799
66.8,-150.25,21.57848093676299
66.8,-150,21.950947888784
66.8,-149.75,22.310483499292
66.8,-149.5,22.654577752272
66.8,-149.25,22.98077211017299
66.8,-149,23.286690860491
66.8,-148.75,23.57007179731
66.55,-159,10.257850795105
66.55,-158.75,10.598932345115
66.55,-158.5,10.919274446528
66.55,-158.25,11.220406635223
66.55,-158,11.504012811385
66.55,-157.75,11.77190708066
66.55,-157.5,12.026008416468
66.55,-157.25,12.26831439638
66.55,-157,12.500874275856
66.55,-156.75,12.725761671017
66.55,-156.5,12.945047128489
66.55,-156.25,13.160770864416
66.55,-156,13.374915956514
66.55,-155.75,13.589382272286
66.55,-155.5,13.80596141321
66.55,-155.25,14.026312948722
66.55,-155,14.251942205074
66.55,-154.75,14.484179862632
66.55,-154.5,14.724163600823
66.55,-154.25,14.972822012832
66.55,-154,15.230860992223
66.55,-153.75,15.49875277112
66.55,-153.5,15.776727764442
66.55,-153.25,16.064769347149
66.55,-153,16.36261166174
66.55,-152.75,16.66974052151999
66.55,-152.5,16.98539744173299
66.55,-152.25,17.308586795891
66.55,-152,17.638086058749
66.55,-151.75,17.97245906092099
66.55,-151.5,18.310072143326
66.55,-151.25,18.649113063112
66.55,-151,18.98761246673499
66.55,-150.75,19.323467711009
66.55,-150.5,19.654468779677
66.55,-150.25,19.97832601177199
66.55,-150,20.29269932933299
66.55,-149.75,20.595228626247
66.55,-149.5,20.883564957667
66.55,-149.25,21.155402150848
66.55,-149,21.408508443957
66.55,-148.75,21.640757749518
66.3,-159,9.974838650345001
66.3,-158.75,10.293990608182
66.3,-158.5,10.593028304398
66.3,-158.25,10.873197515961
66.3,-158,11.135902585014
66.3,-157.75,11.382685716674
66.3,-157.5,11.615204976852
66.3,-157.25,11.83521119488
66.3,-157,12.044523988606
66.3,-156.75,12.245007141309
66.3,-156.5,12.438543570128
66.3,-156.25,12.627010134434
66.3,-156,12.81225253961
66.3,-155.75,12.996060596661
66.3,-155.5,13.180144100952
66.3,-155.25,13.366109593781
66.3,-155,13.555438268432
66.3,-154.75,13.749465277488
66.3,-154.5,13.949360690572
66.3,-154.25,14.156112341029
66.3,-154,14.370510786469
66.3,-153.75,14.5931365914
66.3,-153.5,14.824350120517
66.3,-153.25,15.064284008496
66.3,-153,15.3128384467
66.3,-152.75,15.56967939893
66.3,-152.5,15.834239827689
66.3,-152.25,16.105723979495
66.3,-152,16.383114742948
66.3,-151.75,16.665184056849
66.3,-151.5,16.950506308112
66.3,-151.25,17.23747462095
66.3,-151,17.524319900255
66.3,-150.75,17.809132453851
66.3,-150.5,18.089885980779
66.3,-150.25,18.364463676623
66.3,-150,18.630686172521
66.3,-149.75,18.88634099265
66.3,-149.5,19.129213185955
66.3,-149.25,19.35711676241401
66.3,-149,19.56792654252499
66.3,-148.75,19.759610011559
66.05,-159,9.569038014068003
66.05,-158.75,9.866638176685003
66.05,-158.5,10.145330547513
66.05,-158.25,10.406061085262
66.05,-158,10.649935557065
66.05,-157.75,10.87820294516
66.05,-157.5,11.092237438777
66.05,-157.25,11.29351915577
66.05,-157,11.483613754184
66.05,-156.75,11.664151109373
66.05,-156.5,11.836803247248
66.05,-156.25,12.003261738441
66.05,-156,12.165214771369
66.05,-155.75,12.324324133985
66.05,-155.5,12.482202344211
66.05,-155.25,12.640390177201
66.05,-155,12.800334843504
66.05,-154.75,12.963369075532
66.05,-154.5,13.130691380215
66.05,-154.25,13.303347713133
66.05,-154,13.48221482354
66.05,-153.75,13.667985510394
66.05,-153.5,13.861156016617
66.05,-153.25,14.062015772388
66.05,-153,14.270639678189
66.05,-152.75,14.486883094765
66.05,-152.5,14.710379680163
66.05,-152.25,14.940542183858
66.05,-152,15.176566274826
66.05,-151.75,15.417437444717
66.05,-151.5,15.661940989258
66.05,-151.25,15.908675031292
66.05,-151,16.156066507735
66.05,-150.75,16.4023900009
66.05,-150.5,16.645789252606
66.05,-150.25,16.884301157836
66.05,-150,17.115881994145
66.05,-149.75,17.338435604083
66.05,-149.5,17.549843211351
66.05,-149.25,17.747994517763
66.05,-149,17.930819698043
66.05,-148.75,18.096321883613
65.8,-159,9.108522945803999
65.8,-158.75,9.38729688157
65.8,-158.5,9.648817113058998
65.8,-158.25,9.893719672893001
65.8,-158,10.122799321222
65.8,-157.75,10.336997697209
65.8,-157.5,10.5373899424
65.8,-157.25,10.725169867848
65.8,-157,10.901633755672
65.8,-156.75,11.068162905311
65.8,-156.5,11.226205055116
65.8,-156.25,11.377254830354
65.8,-156,11.522833389158
65.8,-155.75,11.664467457716
65.8,-155.5,11.803667964778
65.8,-155.25,11.941908502859
65.8,-155,12.080603858872
65.8,-154.75,12.2210888699
65.8,-154.5,12.364597869991
65.8,-154.25,12.51224500083
65.8,-154,12.665005662531
65.8,-153.75,12.823699380371
65.8,-153.5,12.988974358666
65.8,-153.25,13.161293984145
65.8,-153,13.340925527826
65.8,-152.75,13.527931276644
65.8,-152.5,13.722162303833
65.8,-152.25,13.923255060521
65.8,-152,14.13063094034
65.8,-151.75,14.343498934296
65.8,-151.5,14.560861455164
65.8,-151.25,14.781523369581
65.8,-151,15.00410423241
65.8,-150.75,15.227053672335
65.8,-150.5,15.448669830707
65.8,-150.25,15.667120708052
65.8,-150,15.88046822505
65.8,-149.75,16.086694758047
65.8,-149.5,16.28373186389
65.8,-149.25,16.469490865994
65.8,-149,16.641894933683
65.8,-148.75,16.798912250862
65.55,-159,8.660784306742002
65.55,-158.75,8.925375953069
65.55,-158.5,9.174660223895
65.55,-158.25,9.408958241346999
65.55,-158,9.628747263299999
65.55,-157.75,9.834654193988001
65.55,-157.5,10.027447448492
65.55,-157.25,10.208027157955
65.55,-157,10.377413724568
65.55,-156.75,10.536734759888
65.55,-156.5,10.687210466388
65.55,-156.25,10.830137549918
65.55,-156,10.966871779398
65.55,-155.75,11.098809339026
65.55,-155.5,11.227367147016
65.55,-155.25,11.353962342633
65.55,-155,11.479991169632
65.55,-154.75,11.606807508328
65.55,-154.5,11.735701329946
65.55,-154.25,11.867877364998
65.55,-154,12.004434291651
65.55,-153.75,12.146344759986
65.55,-153.5,12.294436573171
65.55,-153.25,12.449375346647
65.55,-153,12.611648961119
65.55,-152.75,12.781554114304
65.55,-152.5,12.959185259943
65.55,-152.25,13.14442620056
65.55,-152,13.336944572926
65.55,-151.75,13.536189432452
65.55,-151.5,13.741392105067
65.55,-151.25,13.951570432972
65.55,-151,14.165536494503
65.55,-150.75,14.381907828865
65.55,-150.5,14.599122144213
65.55,-150.25,14.815455433498
65.55,-150,15.029043367122
65.55,-149.75,15.237905775974
65.55,-149.5,15.439973983423
65.55,-149.25,15.633120691486
65.55,-149,15.815192075408
65.55,-148.75,15.98404169328
65.3,-159,8.288154191270998
65.3,-158.75,8.544582462078999
65.3,-158.5,8.787774552164
65.3,-158.25,9.017735581772
65.3,-158,9.234623663422997
65.3,-157.75,9.438749358947002
65.3,-157.5,9.630573360470997
65.3,-157.25,9.810702284983002
65.3,-157,9.979882498317002
65.3,-156.75,10.138991914313
65.3,-156.5,10.289029748186
65.3,-156.25,10.431104239114
65.3,-156,10.566418395033
65.3,-155.75,10.696253852056
65.3,-155.5,10.821952980822
65.3,-155.25,10.94489941184
65.3,-155,11.066497190579
65.3,-154.75,11.188148809883
65.3,-154.5,11.311232401488
65.3,-154.25,11.437078399154
65.3,-154,11.566946012504
65.3,-153.75,11.701999872395
65.3,-153.5,11.843287224948
65.3,-153.25,11.991716061662
65.3,-153,12.148034576999
65.3,-152.75,12.312812342049
65.3,-152.5,12.486423573177
65.3,-152.25,12.669032857935
65.3,-152,12.860583676808
65.3,-151.75,13.060790028982
65.3,-151.5,13.269131433337
65.3,-151.25,13.484851532794
65.3,-151,13.706960481514
65.3,-150.75,13.934241240827
65.3,-150.5,14.165259851948
65.3,-150.25,14.398379692342
65.3,-150,14.631779658925
65.3,-149.75,14.863476156087
65.3,-149.5,15.091348700919
65.3,-149.25,15.313168892919
65.3,-149,15.526632432138
65.3,-148.75,15.729393809066
65.05,-159,8.043743618484001
65.05,-158.75,8.298796649034999
65.05,-158.5,8.542639910457002
65.05,-158.25,8.774963777048999
65.05,-158,8.995608984512
65.05,-157.75,9.204572587536999
65.05,-157.5,9.402011991236
65.05,-157.25,9.588246837396001
65.05,-157,9.763758557232
65.05,-156.75,9.929187438440001
65.05,-156.5,10.08532709536
65.05,-156.25,10.233116276226
65.05,-156,10.37362799001
65.05,-155.75,10.508055986319
65.05,-155.5,10.63769867434
65.05,-155.25,10.763940619816
65.05,-155,10.888231811576
65.05,-154.75,11.012064940079
65.05,-154.5,11.136950978885
65.05,-154.25,11.264393404756
65.05,-154,11.395861432471
65.05,-153.75,11.532762675329
65.05,-153.5,11.676415671074
65.05,-153.25,11.828022734753
65.05,-153,11.988643614371
65.05,-152.75,12.15917043148
65.05,-152.5,12.340304386849
65.05,-152.25,12.532534700815
65.05,-152,12.736120238767
65.05,-151.75,12.951074244562
65.05,-151.5,13.177152568781
65.05,-151.25,13.4138457349
65.05,-151,13.660375135344
65.05,-150.75,13.915693591511
65.05,-150.5,14.17849044815
65.05,-150.25,14.447201303711
65.05,-150,14.720022405632
65.05,-149.75,14.994929663881
65.05,-149.5,15.269702158837
65.05,-149.25,15.541949941797
65.05,-149,15.809145849423
65.05,-148.75,16.06866097852399
64.8,-159,7.968186466662999
64.8,-158.75,8.228808639996998
64.8,-158.5,8.480039803642002
64.8,-158.25,8.721257453254998
64.8,-158,8.951988451367001
64.8,-157.75,9.171921998653998
64.8,-157.5,9.380920499914
64.8,-157.25,9.579027986729999
64.8,-157,9.766475794561
64.8,-156.75,9.943685235150001
64.8,-156.5,10.111267054749
64.8,-156.25,10.270017524079
64.8,-156,10.420911066026
64.8,-155.75,10.565089390858
64.8,-155.5,10.703847175067
64.8,-155.25,10.838614387483
64.8,-155,10.970935434005
64.8,-154.75,11.102445358673
64.8,-154.5,11.23484340277
64.8,-154.25,11.369864283864
64.8,-154,11.509247612048
64.8,-153.75,11.654705909928
64.8,-153.5,11.807891745272
64.8,-153.25,11.970364519537
64.8,-153,12.143557481183
64.8,-152.75,12.328745548957
64.8,-152.5,12.527014536749
64.8,-152.25,12.739232367879
64.8,-152,12.966022852583
64.8,-151.75,13.20774257799
64.8,-151.5,13.464461425362
64.8,-151.25,13.735947184941
64.8,-151,14.021654685158
64.8,-150.75,14.320719790753
64.8,-150.5,14.631958554447
64.8,-150.25,14.95387173016
64.8,-150,15.284654773519
64.8,-149.75,15.62221336875
64.8,-149.5,15.964184431318
64.8,-149.25,16.307962444299
64.8,-149,16.650730894856
64.8,-148.75,16.989498486787
64.55,-159,8.087420415567001
64.55,-158.75,8.360145673160002
64.55,-158.5,8.624942739986
64.55,-158.25,8.880876942800001
64.55,-158,9.127164751799999
64.55,-157.75,9.363194227503003
64.55,-157.5,9.588543145034999
64.55,-157.25,9.802994329929003
64.55,-157,10.006547781188
64.55,-156.75,10.19942920825
64.55,-156.5,10.382094667725
64.55,-156.25,10.555231052341
64.55,-156,10.719752257305
64.55,-155.75,10.876790926941
64.55,-155.5,11.027685765691
64.55,-155.25,11.173964480864
64.55,-155,11.317322508417
64.55,-154.75,11.459597756061
64.55,-154.5,11.60274167856
64.55,-154.25,11.748787076766
64.55,-154,11.899813083298
64.55,-153.75,12.057907862437
64.55,-153.5,12.225129608636
64.55,-153.25,12.40346647575
64.55,-153,12.594796106856
64.55,-152.75,12.800845461495
64.55,-152.5,13.023151652573
64.55,-152.25,13.263024508764
64.55,-152,13.521511569571
64.55,-151.75,13.799366199328
64.55,-151.5,14.097019473381
64.55,-151.25,14.414556444893
64.55,-151,14.751697344633
64.55,-150.75,15.107784199503
64.55,-150.5,15.481773279295
64.55,-150.25,15.872233696351
64.55,-150,16.277352390587
64.55,-149.75,16.694945634176
64.55,-149.5,17.122477087435
64.55,-149.25,17.557082331758
64.55,-149,17.995599698396
64.55,-148.75,18.434607105189
64.3,-159,8.411655430912999
64.3,-158.75,8.702133716493
64.3,-158.5,8.985663091082001
64.3,-158.25,9.260994642719
64.3,-158,9.527036247334001
64.3,-157.75,9.782880888648002
64.3,-157.5,10.027832390898
64.3,-157.25,10.26142796384
64.3,-157,10.48345700779
64.3,-156.75,10.693975685996
64.3,-156.5,10.89331684137
64.3,-156.25,11.082094913296
64.3,-156,11.26120559662
64.3,-155.75,11.431820077432
64.3,-155.5,11.595373777328
64.3,-155.25,11.753549637802
64.3,-155,11.908256077463
64.3,-154.75,12.061599855217
64.3,-154.5,12.215854170575
64.3,-154.25,12.373422426135
64.3,-154,12.536798165368
64.3,-153.75,12.708521779527
64.3,-153.5,12.891134649366
64.3,-153.25,13.087131448997
64.3,-153,13.29891138955
64.3,-152.75,13.528729218294
64.3,-152.5,13.778646813726
64.3,-152.25,14.050486228287
64.3,-152,14.345785027447
64.3,-151.75,14.66575475668
64.3,-151.5,15.011243336616
64.3,-151.25,15.382702141405
64.3,-151,15.780158456939
64.3,-150.75,16.203193944473
64.3,-150.5,16.650929652554
64.3,-150.25,17.122018027012
64.3,-150,17.614642266474
64.3,-149.75,18.126523260862
64.3,-149.5,18.654934234285
64.3,-149.25,19.19672309332
64.3,-149,19.74834235875799
64.3,-148.75,20.305886435283
64.05,-159,8.935588050994001
64.05,-158.75,9.248240690855997
64.05,-158.5,9.554337408264001
64.05,-158.25,9.852308918190001
64.05,-158,10.14075324715
64.05,-157.75,10.418472242103
64.05,-157.5,10.684505171619
64.05,-157.25,10.938158679895
64.05,-157,11.179032410087
64.05,-156.75,11.407039682477
64.05,-156.5,11.6224226941
64.05,-156.25,11.825761798173
64.05,-156,12.017978522459
64.05,-155.75,12.200332093847
64.05,-155.5,12.374409350098
64.05,-155.25,12.542108036936
64.05,-155,12.705613607493
64.05,-154.75,12.867369759471
64.05,-154.5,13.030043061333
64.05,-154.25,13.196482130252
64.05,-154,13.36967192972
64.05,-153.75,13.552683851635
64.05,-153.5,13.748622334798
64.05,-153.25,13.960568847507
64.05,-153,14.191524124903
64.05,-152.75,14.444349600915
64.05,-152.5,14.721709008899
64.05,-152.25,15.026011143951
64.05,-152,15.359354782611
64.05,-151.75,15.723476742348
64.05,-151.5,16.119704033626
64.05,-151.25,16.548911011894
64.05,-151,17.011482376057
64.05,-150.75,17.507282784554
64.05,-150.5,18.03563377116599
64.05,-150.25,18.595298541317
64.05,-150,19.184475117237
64.05,-149.75,19.800798178639
64.05,-149.5,20.44134981620099
64.05,-149.25,21.10267927997499
64.05,-149,21.780831666008
64.05,-148.75,22.471385343822
63.8,-159,9.639822426199999
63.8,-158.75,9.977647857989004
63.8,-158.5,10.308648293309
63.8,-158.25,10.630923112197
63.8,-158,10.942755290906
63.8,-157.75,11.242656313534
63.8,-157.5,11.529407791497
63.8,-157.25,11.80209891147
63.8,-157,12.06015889683
63.8,-156.75,12.303383747115
63.8,-156.5,12.531956613354
63.8,-156.25,12.746461272543
63.8,-156,12.947888280441
63.8,-155.75,13.137633506179
63.8,-155.5,13.317488882817
63.8,-155.25,13.489625342865
63.8,-155,13.65656804451
63.8,-154.75,13.821164130755
63.8,-154.5,13.986543397405
63.8,-154.25,14.156072374859
63.8,-154,14.33330245061
63.8,-153.75,14.521912772327
63.8,-153.5,14.725648773534
63.8,-153.25,14.948257253345
63.8,-153,15.19341901712
63.8,-152.75,15.464680144899
63.8,-152.5,15.765382997916
63.8,-152.25,16.098598099765
63.8,-152,16.467058037111
63.8,-151.75,16.873094515124
63.8,-151.5,17.31857967493299
63.8,-151.25,17.804872734649
63.8,-151,18.332772952447
63.8,-150.75,18.90247983058499
63.8,-150.5,19.513561384104
63.8,-150.25,20.164931188642
63.8,-150,20.85483479971601
63.8,-149.75,21.58084600272499
63.8,-149.5,22.339873210657
63.8,-149.25,23.128176177066
63.8,-149,23.941393037453
63.8,-148.75,24.774577534978
63.55,-159,10.493364243896
63.55,-158.75,10.85789915171
63.55,-158.5,11.214629364641
63.55,-158.25,11.561307060968
63.55,-158,11.895890774104
63.55,-157.75,12.2165987939
63.55,-157.5,12.521958820765
63.55,-157.25,12.810852855835
63.55,-157,13.08255638436
63.55,-156.75,13.336771000329
63.55,-156.5,13.573649726591
63.55,-156.25,13.793814404552
63.55,-156,13.998364658861
63.55,-155.75,14.188878083263
63.55,-155.5,14.36740144151
63.55,-155.25,14.536432829601
63.55,-155,14.698894900063
63.55,-154.75,14.858099403032
63.55,-154.5,15.017703450057
63.55,-154.25,15.181658052309
63.55,-154,15.354149623056
63.55,-153.75,15.539535262419
63.55,-153.5,15.742272758739
63.55,-153.25,15.966846343265
63.55,-153,16.217689321859
63.55,-152.75,16.499104777449
63.55,-152.5,16.815185588925
63.55,-152.25,17.16973504523
63.55,-152,17.566189346816
63.55,-151.75,18.00754328019499
63.55,-151.5,18.496280324934
63.55,-151.25,19.034308406332
63.55,-151,19.622902441845
63.55,-150.75,20.262654745704
63.55,-150.5,20.953434255413
63.55,-150.25,21.69435542703501
63.55,-150,22.48375751511
63.55,-149.75,23.319194809347
63.55,-149.5,24.197438245947
63.55,-149.25,25.11448864864401
63.55,-149,26.06560168552999
63.55,-148.75,27.045324454913
63.3,-159,11.456968805854
63.3,-158.75,11.848392999673
63.3,-158.5,12.230299430071
63.3,-158.25,12.600073035115
63.3,-158,12.955334853063
63.3,-157.75,13.294003845778
63.3,-157.5,13.614354444057
63.3,-157.25,13.915068667444
63.3,-157,14.195281755628
63.3,-156.75,14.454620351598
63.3,-156.5,14.693232396528
63.3,-156.25,14.911808030931
63.3,-156,15.111590943586
63.3,-155.75,15.294379766817
63.3,-155.5,15.462519281162
63.3,-155.25,15.618881361773
63.3,-155,15.76683577026
63.3,-154.75,15.910211066376
63.3,-154.5,16.05324608132299
63.3,-154.25,16.20053255582299
63.3,-154,16.356949699019
63.3,-153.75,16.527591566264
63.3,-153.5,16.717688282876
63.3,-153.25,16.93252225486399
63.3,-153,17.177340604761
63.3,-152.75,17.457265149579
63.3,-152.5,17.777201297194
63.3,-152.25,18.14174727636199
63.3,-152,18.555105133234
63.3,-151.75,19.020994923555
63.3,-151.5,19.542573504426
63.3,-151.25,20.122359282989
63.3,-151,20.76216421213699
63.3,-150.75,21.46303423622799
63.3,-150.5,22.22519928387399
63.3,-150.25,23.04803378157299
63.3,-150,23.930028522895
63.3,-149.75,24.86877457487699
63.3,-149.5,25.86095973836
63.3,-149.25,26.902377904384
63.3,-149,27.987951466746
63.3,-148.75,29.111766764009
63.05,-159,12.487056423775
63.05,-158.75,12.904414380462
63.05,-158.5,13.309808603941
63.05,-158.25,13.700234197452
63.05,-158,14.072959380752
63.05,-157.75,14.425595483621
63.05,-157.5,14.756162051013
63.05,-157.25,15.063145793089
63.05,-157,15.345552209616
63.05,-156.75,15.602948834288
63.05,-156.5,15.835499178407
63.05,-156.25,16.043986602814
63.05,-156,16.229827509402
63.05,-155.75,16.395073416423
63.05,-155.5,16.54240166221
63.05,-155.25,16.675094667065
63.05,-155,16.797007869975
63.05,-154.75,16.91252664256199
63.05,-154.5,17.026512664481
63.05,-154.25,17.144240419473
63.05,-154,17.271324636887
63.05,-153.75,17.413639657253
63.05,-153.5,17.577231840036
63.05,-153.25,17.76822625510499
63.05,-153,17.99272900480599
63.05,-152.75,18.25672660936999
63.05,-152.5,18.565983953376
63.05,-152.25,18.92594233430099
63.05,-152,19.341619175018
63.05,-151.75,19.817510960249
63.05,-151.5,20.357500932283
63.05,-151.25,20.964773034116
63.05,-151,21.641733519023
63.05,-150.75,22.389941555388
63.05,-150.5,23.210050045432
63.05,-150.25,24.101757747782
63.05,-150,25.063773648226
63.05,-149.75,26.093794362285
63.05,-149.5,27.18849517965
63.05,-149.25,28.343535176115
63.05,-149,29.553576625997
63.05,-148.75,30.812318749465
