# Created by Octave 7.3.0, Sun Nov 13 20:20:21 2022 GMT <unknown@LAPTOP-PSMR0IUC>
# name: X
# type: matrix
# rows: 1346
# columns: 2
 33.047458990000003 -105.09196372000002
 33.047462159999995 -105.09189528000002
 33.047465320000001 -105.09182684000001
 33.047468489999993 -105.09175839
 33.047471649999991 -105.09168995000002
 33.047474819999998 -105.09162151000001
 33.047477979999996 -105.09155307000002
 33.047481149999989 -105.09148464000002
 33.047484309999994 -105.09141620000001
 33.047487479999987 -105.09134776
 33.047490639999999 -105.09127932000001
 33.047493809999999 -105.09121088000002
 33.047496969999997 -105.09114245000001
 33.047500140000004 -105.09107401
 33.047503310000003 -105.09100557000001
 33.047506469999995 -105.09093713999999
 33.047509640000001 -105.09086871
 33.047512800000007 -105.09080027
 33.047515970000006 -105.09073183999999
 33.047519130000005 -105.09066340000003
 33.047522300000004 -105.09059497000001
 33.047525459999996 -105.09052654000001
 33.047528620000001 -105.09045810999999
 33.047531790000001 -105.09038967000001
 33.047534949999999 -105.09032124000001
 33.047538110000005 -105.09025281
 33.047541279999997 -105.09018438000001
 33.047544439999996 -105.09011595000001
 33.047547599999994 -105.09004752
 33.04755076 -105.08997909
 33.047553920000006 -105.08991066000002
 33.047557079999997 -105.08984224
 33.047560249999997 -105.08977380999998
 33.047563409999995 -105.08970538
 33.047566569999994 -105.08963695
 33.047569719999998 -105.08956852
 33.047572880000004 -105.0895001
 33.047576040000003 -105.08943167
 33.047579200000001 -105.08936325000001
 33.04758236 -105.08929482000001
 33.047585519999998 -105.08922639000001
 33.047588669999996 -105.08915797
 33.047591830000002 -105.08908955
 33.04759499 -105.08902112
 33.047598140000005 -105.08895269999999
 33.047601299999997 -105.08888426999999
 33.047604459999988 -105.08881584999999
 33.047607609999993 -105.08874742999998
 33.047610769999999 -105.08867900999999
 33.047613920000003 -105.08861059
 33.047617079999995 -105.08854216999998
 33.04762023 -105.08847374999999
 33.047623379999997 -105.08840532999999
 33.047626539999996 -105.08833690999998
 33.047629689999994 -105.08826849
 33.047632840000006 -105.08820007
 33.047635999999997 -105.08813164999999
 33.047639149999995 -105.08806323
 33.0476423 -105.08799482000001
 33.04764544999999 -105.08792640000001
 33.047648599999995 -105.08785798000001
 33.047651749999993 -105.08778957
 33.047654899999998 -105.08772114999999
 33.047658049999995 -105.08765274000001
 33.047661199999993 -105.08758432
 33.047664349999991 -105.08751591000001
 33.047667489999988 -105.0874475
 33.04767064 -105.08737908000001
 33.047673789999997 -105.08731067000001
 33.047676930000002 -105.08724226000001
 33.047680079999992 -105.08717385
 33.047683219999996 -105.08710543000001
 33.047686359999993 -105.08703702
 33.047689509999991 -105.08696861
 33.047692649999995 -105.0869002
 33.047695789999999 -105.08683178999999
 33.047698930000003 -105.08676338000001
 33.04770207 -105.08669498000002
 33.047705210000004 -105.08662657000001
 33.047708350000001 -105.08655816
 33.047711479999997 -105.08648975
 33.047714620000001 -105.08642134
 33.047717749999997 -105.08635294
 33.047720890000001 -105.08628453
 33.047724019999997 -105.08621613
 33.047727149999993 -105.08614772
 33.047730280000003 -105.08607930999999
 33.047733409999999 -105.08601091
 33.047736540000002 -105.08594250999998
 33.047739669999999 -105.08587409999998
 33.047742800000002 -105.08580569999999
 33.047745920000004 -105.08573729999998
 33.047749049999993 -105.08566888999999
 33.047752170000003 -105.08560049
 33.047755300000006 -105.08553208999999
 33.047758420000001 -105.08546369000001
 33.047761539999996 -105.08539528999999
 33.047764659999991 -105.08532688999999
 33.047767779999994 -105.08525849
 33.047770900000003 -105.08519009
 33.047774019999999 -105.08512169000001
 33.047777140000001 -105.08505329
 33.047780259999996 -105.08498490000001
 33.047783369999998 -105.08491650000001
 33.047786489999993 -105.08484809999999
 33.047789599999994 -105.08477970999999
 33.047792720000004 -105.08471130999999
 33.047795830000005 -105.08464292000001
 33.047798950000001 -105.08457452
 33.047802059999995 -105.08450612999999
 33.047805169999997 -105.08443772999999
 33.047808289999999 -105.08436934000001
 33.047811399999993 -105.08430095
 33.047814509999995 -105.08423255
 33.047817619999996 -105.08416416000001
 33.047820729999998 -105.08409577
 33.04782384 -105.08402738000001
 33.047826949999994 -105.08395899
 33.047830059999995 -105.0838906
 33.047833169999997 -105.08382220999999
 33.047836279999999 -105.08375382
 33.04783939 -105.08368543
 33.047842499999994 -105.08361704000001
 33.047845599999995 -105.08354865
 33.047848709999997 -105.08348027
 33.047851819999998 -105.08341188
 33.04785493 -105.08334349
 33.04785803 -105.08327510999999
 33.047861139999995 -105.08320672000001
 33.047864249999989 -105.08313833999999
 33.04786734999999 -105.08306995000001
 33.047870459999992 -105.08300156999999
 33.047873569999993 -105.08293318999999
 33.047876669999994 -105.0828648
 33.047879779999995 -105.08279641999999
 33.047882889999997 -105.08272803999999
 33.047885999999991 -105.08265966000002
 33.047889099999992 -105.08259126999999
 33.047892210000001 -105.0825229
 33.047895320000002 -105.08245452
 33.047898419999996 -105.08238613999998
 33.047901529999997 -105.08231776
 33.047904639999999 -105.08224938000001
 33.047907749999993 -105.08218099999999
 33.047910860000002 -105.08211263
 33.047913970000003 -105.08204425
 33.047917079999998 -105.08197588
 33.047920189999999 -105.0819075
 33.047923300000001 -105.08183912999999
 33.047926419999996 -105.08177074999999
 33.047929529999998 -105.08170238
 33.047932640000006 -105.08163401
 33.047935760000001 -105.08156564000002
 33.047938870000003 -105.08149727
 33.047941989999998 -105.08142890000001
 33.0479451 -105.08136053
 33.047948220000002 -105.08129216
 33.047951330000004 -105.08122379000002
 33.047954449999992 -105.08115542000002
 33.047957569999994 -105.08108704999999
 33.047960689999996 -105.08101869000001
 33.047963799999998 -105.08095032
 33.04796692 -105.08088194999999
 33.047970040000003 -105.08081359000001
 33.047973159999998 -105.08074522999999
 33.047976290000001 -105.08067686
 33.047979409999996 -105.0806085
 33.047982529999999 -105.08054014
 33.047985649999994 -105.08047176999999
 33.047988779999997 -105.08040341
 33.0479919 -105.08033504999999
 33.047995030000003 -105.08026669000002
 33.047998149999998 -105.08019832999999
 33.048001280000001 -105.08012997000002
 33.048004409999997 -105.08006162000001
 33.04800753 -105.07999326000001
 33.048010660000003 -105.07992490000001
 33.048013790000006 -105.07985653999999
 33.048016920000009 -105.07978818999997
 33.048020049999998 -105.07971982999999
 33.048023180000001 -105.07965148000001
 33.048026310000004 -105.07958312
 33.048029449999994 -105.07951477
 33.048032580000005 -105.07944642
 33.048035720000009 -105.07937805999998
 33.048038850000005 -105.07930970999999
 33.048041990000002 -105.07924136
 33.048045120000005 -105.07917300999999
 33.048048260000002 -105.07910466000001
 33.048051399999999 -105.07903630999998
 33.048054540000003 -105.07896796
 33.048057679999999 -105.07889960999999
 33.048060820000003 -105.07883125999999
 33.04806396 -105.07876290999998
 33.048067099999997 -105.07869456
 33.048070240000008 -105.07862622
 33.048073380000005 -105.07855786999998
 33.048076530000003 -105.07848951999999
 33.04807967 -105.07842117999999
 33.048082810000004 -105.07835283999998
 33.048085960000002 -105.07828449
 33.048089099999999 -105.07821614999999
 33.048092250000003 -105.07814779999998
 33.048095400000001 -105.07807946
 33.048098540000005 -105.07801111999999
 33.048101690000003 -105.07794278
 33.048104840000008 -105.07787444
 33.048107990000005 -105.07780609999999
 33.04811114000001 -105.07773775999999
 33.048114290000008 -105.07766942000002
 33.048117440000006 -105.07760108000001
 33.048120590000003 -105.07753274
 33.048123740000008 -105.07746440000001
 33.048126900000007 -105.07739606999999
 33.048130050000005 -105.07732772999999
 33.04813321000001 -105.07725939000001
 33.048136360000008 -105.07719106
 33.048139520000007 -105.07712272000001
 33.048142670000004 -105.07705439
 33.04814583000001 -105.07698604999999
 33.048148980000008 -105.07691772
 33.048152140000013 -105.07684938999999
 33.048155300000012 -105.07678104999998
 33.048158460000003 -105.07671271999999
 33.048161620000002 -105.07664439
 33.04816477 -105.07657605999999
 33.048167930000005 -105.07650772999999
 33.048171090000004 -105.0764394
 33.048174250000002 -105.07637106999998
 33.048177410000001 -105.07630273999999
 33.04818057 -105.07623441
 33.048183730000005 -105.07616608000001
 33.048186890000004 -105.07609774999999
 33.048190050000002 -105.07602942000001
 33.048193210000008 -105.07596108999999
 33.048196370000007 -105.07589275999999
 33.048199530000005 -105.07582444000001
 33.048202690000004 -105.07575610999997
 33.048205850000002 -105.07568778
 33.048209010000001 -105.07561946000001
 33.048212170000006 -105.07555112999998
 33.048215330000012 -105.07548279999997
 33.048218490000004 -105.07541448000001
 33.048221649999995 -105.07534615999998
 33.048224810000001 -105.07527782999998
 33.048227969999999 -105.07520950999999
 33.048231130000005 -105.07514118999998
 33.048234290000003 -105.07507285999998
 33.048237449999995 -105.07500453999999
 33.048240610000001 -105.07493622
 33.048243769999999 -105.07486788999999
 33.048246930000005 -105.07479957
 33.048250090000003 -105.07473124999999
 33.048253250000002 -105.07466293
 33.04825641 -105.07459461000001
 33.048259569999999 -105.07452629000001
 33.048262730000005 -105.07445797
 33.048265890000003 -105.07438965
 33.048269049999995 -105.07432132999999
 33.048272210000007 -105.07425301000001
 33.048275370000006 -105.07418469000001
 33.048278530000005 -105.07411637
 33.048281689999996 -105.07404804999999
 33.048284849999995 -105.07397972999999
 33.04828801 -105.07391140999999
 33.048291169999999 -105.07384309
 33.048294330000004 -105.07377477999999
 33.048297489999996 -105.07370646
 33.048300650000002 -105.07363813999999
 33.048303800000006 -105.07356982
 33.048306960000005 -105.07350149999999
 33.048310120000011 -105.07343318999999
 33.048313280000009 -105.07336486999999
 33.048316440000008 -105.07329656
 33.048319600000006 -105.07322824000001
 33.048322760000005 -105.07315992000001
 33.048325920000011 -105.07309160999999
 33.048329080000002 -105.07302329000001
 33.048332240000015 -105.07295498000001
 33.048335400000006 -105.07288665999999
 33.048338560000005 -105.07281834999998
 33.048341720000003 -105.07275002999998
 33.048344880000002 -105.07268171999999
 33.048348050000001 -105.07261340000001
 33.048351210000007 -105.07254508999999
 33.048354370000006 -105.07247676999998
 33.048357530000004 -105.07240845999999
 33.048360690000003 -105.07234013999998
 33.048363850000001 -105.07227182999998
 33.04836701 -105.07220350999999
 33.048370170000005 -105.07213519999999
 33.048373330000011 -105.07206687999999
 33.048376490000003 -105.07199856999999
 33.048379650000001 -105.07193024999999
 33.048382810000007 -105.07186194000001
 33.048385970000005 -105.07179362000001
 33.048389130000004 -105.07172530999999
 33.04839229000001 -105.07165699000001
 33.048395450000001 -105.07158868
 33.048398610000007 -105.07152036000001
 33.048401769999998 -105.07145204999999
 33.048404930000004 -105.07138374
 33.048408090000002 -105.07131542
 33.048411250000001 -105.07124710999999
 33.048414409999999 -105.07117878999999
 33.048417569999998 -105.07111048000002
 33.048420730000004 -105.07104216999998
 33.048423880000001 -105.07097384999999
 33.04842704 -105.07090554
 33.048430200000006 -105.07083722999998
 33.048433360000004 -105.07076890999998
 33.048436510000002 -105.0707006
 33.04843967 -105.07063228
 33.048442830000006 -105.07056397000001
 33.048445980000004 -105.07049566000001
 33.048449140000002 -105.07042733999999
 33.048452290000007 -105.07035902999999
 33.048455449999999 -105.07029070999999
 33.048458600000004 -105.07022240000001
 33.048461749999994 -105.07015408000001
 33.04846491 -105.07008576999999
 33.048468059999998 -105.07001744999999
 33.048471210000002 -105.06994914000001
 33.04847436 -105.06988081999999
 33.048477519999999 -105.06981250999999
 33.048480669999996 -105.06974418999999
 33.048483820000001 -105.06967588000001
 33.048486969999999 -105.06960756000001
 33.048490120000004 -105.06953925000001
 33.048493270000002 -105.06947094
 33.048496419999999 -105.06940262000001
 33.048499569999997 -105.06933430999999
 33.048502720000009 -105.06926599000002
 33.048505870000007 -105.06919768000002
 33.048509020000004 -105.06912937000001
 33.048512160000008 -105.06906105
 33.048515310000013 -105.06899274
 33.048518460000004 -105.06892442000002
 33.048521600000001 -105.06885610999998
 33.048524749999999 -105.06878779999998
 33.048527900000003 -105.06871948000001
 33.048531040000007 -105.06865117
 33.048534190000005 -105.06858284999998
 33.048537330000009 -105.06851454000001
 33.04854048 -105.06844622
 33.048543620000004 -105.06837790999998
 33.048546770000002 -105.06830959
 33.048549910000006 -105.06824128000001
 33.048553050000002 -105.06817296
 33.048556190000006 -105.06810465000001
 33.048559340000011 -105.06803632999998
 33.048562480000001 -105.06796802000001
 33.048565620000005 -105.06789970000001
 33.048568760000002 -105.06783138999999
 33.048571900000006 -105.06776307000001
 33.048575050000004 -105.06769475000002
 33.048578190000008 -105.06762644000003
 33.048581330000005 -105.06755812
 33.048584459999994 -105.06748981
 33.048587599999998 -105.06742149000002
 33.048590740000009 -105.06735318000001
 33.048593880000006 -105.06728486000002
 33.048597020000003 -105.06721654000002
 33.048600159999999 -105.06714822000001
 33.048603300000003 -105.06707991
 33.04860643 -105.06701159000001
 33.048609569999996 -105.06694327000001
 33.048612710000008 -105.06687495
 33.048615850000004 -105.06680663
 33.048618980000008 -105.06673830999998
 33.048622120000005 -105.06666999000002
 33.048625250000001 -105.06660168000002
 33.048628390000005 -105.06653336000001
 33.048631530000002 -105.06646504000001
 33.048634659999998 -105.06639672
 33.048637800000002 -105.0663284
 33.048640940000006 -105.06626008000002
 33.048644069999995 -105.06619176000001
 33.048647209999999 -105.06612344000003
 33.048650350000003 -105.06605512
 33.048653479999999 -105.06598679999999
 33.048656620000003 -105.06591848000001
 33.04865976 -105.06585014999999
 33.048662890000003 -105.06578182999998
 33.04866603 -105.06571350999999
 33.048669169999997 -105.06564519
 33.048672300000007 -105.06557686999999
 33.048675440000004 -105.06550854
 33.048678580000001 -105.06544022
 33.048681719999998 -105.06537189999999
 33.048684849999994 -105.06530358000001
 33.048687989999998 -105.06523525
 33.048691130000002 -105.06516693
 33.048694269999999 -105.06509860999999
 33.048697409999996 -105.06503028
 33.04870055 -105.06496196000002
 33.048703680000003 -105.06489363000001
 33.048706820000007 -105.06482531
 33.048709960000004 -105.06475699000001
 33.048713100000008 -105.06468866000002
 33.048716240000012 -105.06462033000001
 33.048719380000009 -105.06455201
 33.048722520000005 -105.06448368000002
 33.048725660000002 -105.06441536000001
 33.048728800000006 -105.06434702999999
 33.04873194000001 -105.0642787
 33.048735090000008 -105.06421037000001
 33.048738230000012 -105.06414205
 33.048741370000002 -105.06407372000001
 33.048744509999999 -105.06400539000001
 33.048747659999997 -105.06393706
 33.048750800000008 -105.06386873
 33.048753940000012 -105.06380040000001
 33.048757090000002 -105.06373207999999
 33.048760230000006 -105.06366375000002
 33.048763370000003 -105.06359542000001
 33.048766520000001 -105.06352709000001
 33.048769669999999 -105.06345875
 33.04877281000001 -105.06339042
 33.048775960000008 -105.06332209
 33.048779100000004 -105.06325376000002
 33.048782250000002 -105.06318543
 33.0487854 -105.06311709000001
 33.048788549999998 -105.06304876
 33.048791690000002 -105.06298043
 33.048794840000006 -105.06291209
 33.048797990000004 -105.06284376000001
 33.048801140000002 -105.06277541999999
 33.04880429 -105.06270708999999
 33.048807439999997 -105.06263874999999
 33.048810580000001 -105.06257042
 33.048813730000006 -105.06250208
 33.048816880000004 -105.06243374
 33.048820030000002 -105.0623654
 33.048823179999999 -105.06229707
 33.048826330000004 -105.06222873
 33.048829479999995 -105.06216039
 33.048832630000007 -105.06209204999999
 33.048835780000005 -105.06202371000001
 33.048838930000009 -105.06195537000001
 33.04884208 -105.06188702999999
 33.048845230000005 -105.06181869000001
 33.048848380000003 -105.06175035
 33.04885153 -105.061682
 33.048854689999999 -105.06161366000003
 33.048857840000004 -105.06154532000001
 33.048860990000001 -105.06147698000001
 33.048864139999999 -105.06140863
 33.048867289999997 -105.06134029
 33.048870449999995 -105.06127194000001
 33.0488736 -105.06120360000003
 33.048876749999998 -105.06113525000001
 33.048879910000004 -105.06106691000001
 33.048883059999994 -105.06099856
 33.048886209999999 -105.06093021
 33.048889369999998 -105.06086187
 33.048892520000003 -105.06079352
 33.048895680000001 -105.06072517
 33.048898840000007 -105.06065682000001
 33.048901990000005 -105.06058848000001
 33.048905150000003 -105.06052013
 33.048908300000008 -105.06045178000001
 33.048911459999999 -105.06038343
 33.048914620000005 -105.06031508000001
 33.048917780000004 -105.06024672000001
 33.048920930000008 -105.06017836999999
 33.04892409 -105.06011002000001
 33.048927249999998 -105.06004167
 33.048930410000004 -105.05997332
 33.048933570000003 -105.05990496000001
 33.048936720000007 -105.05983660999999
 33.048939880000006 -105.05976826
 33.048943040000005 -105.05969990000001
 33.048946200000003 -105.05963154999999
 33.048949360000002 -105.05956319000001
 33.048952520000007 -105.05949484
 33.048955680000006 -105.05942648000001
 33.048958840000012 -105.05935812999998
 33.048962000000003 -105.05928977000001
 33.048965160000002 -105.05922141000001
 33.048968310000006 -105.05915305000001
 33.048971469999998 -105.0590847
 33.048974630000004 -105.05901634
 33.048977790000002 -105.05894798
 33.048980950000001 -105.05887962
 33.048984109999999 -105.05881126
 33.048987269999998 -105.05874289999998
 33.048990430000003 -105.05867454
 33.048993590000002 -105.05860618
 33.048996750000001 -105.05853781999998
 33.048999910000006 -105.05846946000001
 33.049003069999998 -105.05840109999998
 33.049006230000003 -105.05833273999998
 33.049009390000002 -105.05826437
 33.04901255 -105.05819600999999
 33.049015710000006 -105.05812765
 33.049018870000005 -105.05805929
 33.049022030000003 -105.05799092000001
 33.049025190000002 -105.05792256000001
 33.04902835 -105.05785420000001
 33.049031509999999 -105.05778582999999
 33.049034669999998 -105.05771747
 33.049037840000004 -105.05764910000001
 33.049040999999995 -105.05758074000001
 33.049044159999994 -105.05751237
 33.04904732 -105.05744401
 33.049050479999998 -105.05737564
 33.049053649999998 -105.05730727
 33.049056810000003 -105.05723891
 33.049059970000002 -105.05717054
 33.049063140000001 -105.05710218
 33.0490663 -105.05703380999999
 33.049069459999991 -105.05696544000001
 33.049072630000005 -105.05689706999999
 33.049075790000003 -105.05682870999999
 33.049078960000003 -105.05676034
 33.049082120000001 -105.05669197
 33.049085290000001 -105.05662360000002
 33.049088449999992 -105.05655524000001
 33.049091619999999 -105.05648686999999
 33.049094789999998 -105.05641849999999
 33.049097949999997 -105.05635012999998
 33.049101120000003 -105.05628176
 33.049104290000002 -105.05621339000001
 33.049107459999995 -105.05614502
 33.049110620000008 -105.05607664999999
 33.049113790000007 -105.05600828
 33.049116960000006 -105.05593990999999
 33.049120130000006 -105.05587154999998
 33.049123300000005 -105.05580318
 33.049126469999997 -105.05573480999998
 33.049129640000004 -105.05566644000001
 33.04913281000001 -105.05559806999999
 33.04913598000001 -105.05552970000001
 33.049139150000002 -105.05546131999999
 33.049142320000009 -105.05539295999999
 33.049145490000001 -105.05532458
 33.049148670000001 -105.05525621
 33.049151840000007 -105.05518783999999
 33.049155010000007 -105.05511947000001
 33.049158180000006 -105.05505109999999
 33.049161349999999 -105.05498272999999
 33.049164529999999 -105.05491436000001
 33.049167699999998 -105.05484598000001
 33.049170870000005 -105.05477760999999
 33.049174049999998 -105.05470924000001
 33.049177220000004 -105.05464087
 33.049180390000004 -105.05457249999999
 33.049183559999996 -105.05450412
 33.049186740000003 -105.05443575
 33.049189910000003 -105.05436738
 33.049193080000002 -105.05429901000001
 33.049196260000002 -105.05423063000001
 33.049199430000002 -105.05416226000001
 33.049202610000002 -105.05409389
 33.049205780000001 -105.05402552000001
 33.049208950000001 -105.05395713999999
 33.049212130000008 -105.05388876999999
 33.049215300000007 -105.05382039
 33.04921848 -105.05375201999999
 33.049221649999993 -105.05368365000001
 33.04922483 -105.05361527000001
 33.049227999999999 -105.0535469
 33.049231169999999 -105.05347852999998
 33.049234349999999 -105.05341014999999
 33.049237529999999 -105.05334178
 33.049240699999999 -105.05327340000001
 33.049243879999999 -105.05320503
 33.049247049999991 -105.05313665
 33.049250230000006 -105.05306828000001
 33.049253409999999 -105.0529999
 33.049256579999998 -105.05293152999998
 33.049259759999998 -105.05286314999999
 33.049262940000006 -105.05279478
 33.049266109999998 -105.0527264
 33.049269289999998 -105.05265802
 33.049272469999998 -105.05258965
 33.049275649999998 -105.05252127
 33.049278830000006 -105.05245289999999
 33.049281999999998 -105.05238451999999
 33.049285179999998 -105.05231614999998
 33.049288359999998 -105.05224776999999
 33.049291539999999 -105.05217938999999
 33.049294719999999 -105.05211100999999
 33.049297899999999 -105.05204264
 33.049301079999999 -105.05197426000001
 33.04930426 -105.05190588000001
 33.04930744 -105.05183750999998
 33.049310620000007 -105.05176913
 33.049313800000007 -105.05170074999999
 33.049316980000008 -105.05163238
 33.049320160000001 -105.05156400000001
 33.049323340000008 -105.05149562000001
 33.049326520000001 -105.05142724000001
 33.049329700000001 -105.05135886999999
 33.049332880000009 -105.05129049000001
 33.049336070000003 -105.05122211
 33.049339250000003 -105.05115373000001
 33.049342430000003 -105.05108534999999
 33.049345610000003 -105.05101698000001
 33.049348790000003 -105.0509486
 33.049351970000004 -105.05088022
 33.049355150000004 -105.05081183999999
 33.049358340000012 -105.05074346000001
 33.049361519999998 -105.05067508
 33.049364699999998 -105.0506067
 33.049367889999999 -105.05053832999998
 33.049371069999999 -105.05046995000001
 33.04937425 -105.05040156999999
 33.04937743 -105.05033318999999
 33.049380620000001 -105.05026481
 33.049383800000001 -105.05019643
 33.049386980000001 -105.05012805
 33.049390160000002 -105.05005967000001
 33.049393350000003 -105.0499913
 33.049396530000003 -105.04992292000001
 33.049399710000003 -105.04985454000001
 33.049402900000004 -105.04978616
 33.049406079999997 -105.04971778000001
 33.049409269999998 -105.04964940000002
 33.049412449999998 -105.04958102000001
 33.049415640000007 -105.04951264000002
 33.049418820000007 -105.04944426000002
 33.049422010000001 -105.04937588
 33.049425190000001 -105.0493075
 33.049428380000002 -105.04923912000001
 33.049431569999996 -105.04917074000001
 33.049434749999996 -105.04910236000001
 33.049437940000004 -105.04903398000002
 33.049441129999998 -105.04896561000001
 33.049444319999999 -105.04889722999999
 33.049447499999992 -105.04882884999999
 33.04945069 -105.04876047
 33.049453880000002 -105.04869208000001
 33.049457069999995 -105.04862370000002
 33.049460249999996 -105.04855532000001
 33.049463439999997 -105.04848694
 33.049466629999998 -105.04841856
 33.049469819999999 -105.04835018
 33.049472999999999 -105.0482818
 33.04947619 -105.04821342000002
 33.049479380000001 -105.04814504000001
 33.049482569999995 -105.04807666000001
 33.049485759999996 -105.04800827
 33.049488940000003 -105.04793989000001
 33.049492130000004 -105.04787150999999
 33.049495320000005 -105.04780313000001
 33.049498509999999 -105.04773475
 33.0495017 -105.04766637000002
 33.049504890000001 -105.04759798000002
 33.049508070000002 -105.04752960000003
 33.049511260000003 -105.04746122000002
 33.049514449999997 -105.04739284
 33.049517640000005 -105.04732446000003
 33.049520830000006 -105.04725608000003
 33.04952402 -105.04718769000002
 33.049527210000001 -105.04711931000001
 33.049530390000008 -105.04705093000001
 33.049533580000002 -105.04698255
 33.049536770000003 -105.04691417000001
 33.049539960000004 -105.04684578000001
 33.049543149999998 -105.0467774
 33.049546340000006 -105.04670902000001
 33.049549519999999 -105.04664064000002
 33.049552710000007 -105.04657225
 33.049555900000009 -105.04650387000001
 33.049559090000002 -105.04643549000001
 33.049562280000004 -105.04636710999999
 33.049565469999997 -105.04629872000001
 33.049568649999998 -105.04623034000001
 33.049571840000006 -105.04616196000002
 33.049575030000007 -105.04609358000002
 33.049578220000008 -105.04602520000002
 33.049581409999995 -105.04595680999999
 33.049584599999996 -105.04588842999999
 33.049587789999997 -105.04582005
 33.049590980000005 -105.04575167
 33.049594169999999 -105.04568329000001
 33.04959736 -105.04561491000001
 33.049600549999994 -105.04554652
 33.049603740000002 -105.04547813999999
 33.049606940000004 -105.04540976000001
 33.049610130000005 -105.04534138
 33.049613320000006 -105.04527300000001
 33.04961651 -105.04520462000002
 33.049619710000002 -105.04513624000001
 33.049622900000003 -105.04506786
 33.049626089999997 -105.04499947000002
 33.049629289999999 -105.04493109000001
 33.04963248 -105.04486271
 33.049635680000002 -105.04479433
 33.049638870000003 -105.04472595000001
 33.049642069999997 -105.04465757000001
 33.049645259999998 -105.04458919000001
 33.049648459999993 -105.04452081000001
 33.049651659999995 -105.04445243000001
 33.049654849999996 -105.04438405000001
 33.049658049999998 -105.04431567000002
 33.049661239999999 -105.04424729000002
 33.049664439999994 -105.04417892000001
 33.049667629999995 -105.04411054000002
 33.049670830000004 -105.04404216
 33.049674029999998 -105.04397378000002
 33.04967722 -105.04390540000001
 33.049680419999994 -105.04383702
 33.049683609999995 -105.04376864000001
 33.049686809999997 -105.04370026000001
 33.049690009999999 -105.04363188000001
 33.0496932 -105.04356351000001
 33.049696399999995 -105.04349513
 33.049699589999996 -105.04342675000001
 33.049702790000005 -105.04335836999999
 33.049705980000006 -105.04328999000002
 33.049709180000001 -105.04322162000003
 33.049712370000009 -105.04315324000002
 33.049715560000003 -105.04308486000001
 33.049718760000005 -105.04301648000002
 33.049721949999999 -105.04294810999998
 33.04972515 -105.04287973
 33.049728340000009 -105.04281134999999
 33.049731530000003 -105.04274298
 33.049734720000004 -105.04267460000001
 33.049737920000005 -105.04260622000001
 33.049741109999999 -105.04253783999999
 33.0497443 -105.04246947000001
 33.049747489999994 -105.04240109
 33.049750690000003 -105.04233271999999
 33.049753880000004 -105.04226434000002
 33.049757069999998 -105.04219596000002
 33.049760259999999 -105.04212759000001
 33.049763449999993 -105.04205921000001
 33.049766640000001 -105.04199084000001
 33.049769830000002 -105.04192246000002
 33.049773020000003 -105.04185408000002
 33.049776220000005 -105.04178571
 33.049779399999998 -105.04171733
 33.04978259 -105.04164896000002
 33.049785780000001 -105.04158058000002
 33.049788970000002 -105.04151221000001
 33.049792160000003 -105.04144383000001
 33.049795350000004 -105.04137546000001
 33.049798540000005 -105.04130708000001
 33.049801729999999 -105.04123871
 33.04980492 -105.04117034000001
 33.0498081 -105.04110196000002
 33.049811290000001 -105.04103359000001
 33.049814479999995 -105.04096522000002
 33.049817669999996 -105.04089684
 33.049820849999996 -105.04082847000001
 33.049824039999997 -105.0407601
 33.049827229999998 -105.04069173000001
 33.049830419999999 -105.04062335000002
 33.049833599999999 -105.04055498000002
 33.049836790000001 -105.04048661
 33.049839980000002 -105.04041824000001
 33.049843159999995 -105.04034987
 33.049846349999996 -105.04028150000001
 33.049849539999997 -105.04021313000001
 33.049852730000005 -105.04014476000002
 33.049855910000005 -105.04007639
 33.049859099999999 -105.04000802
 33.04986229 -105.03993965000001
 33.049865469999993 -105.03987128
 33.049868659999994 -105.03980290999999
 33.049871849999995 -105.03973454
 33.049875030000003 -105.03966617
 33.049878220000004 -105.03959780999999
 33.04988139999999 -105.03952944000002
 33.049884589999991 -105.03946107
 33.049887769999991 -105.03939269999999
 33.049890959999999 -105.03932434000001
 33.049894139999999 -105.03925597000001
 33.04989733 -105.03918761
 33.049900510000001 -105.03911924000002
 33.049903700000002 -105.03905088
 33.049906880000002 -105.03898250999998
 33.049910070000003 -105.03891415
 33.049913250000003 -105.03884578
 33.049916430000003 -105.03877741999999
 33.049919620000004 -105.03870906
 33.049922800000004 -105.03864069000001
 33.049925980000005 -105.03857232999998
 33.049929159999998 -105.03850397000001
 33.049932340000012 -105.03843560999999
 33.049935520000005 -105.03836724999999
 33.049938700000006 -105.03829888999999
 33.049941879999999 -105.03823052999999
 33.049945049999998 -105.03816216999999
 33.049948230000005 -105.03809380999999
 33.049951409999998 -105.03802545000001
 33.049954579999998 -105.03795709000001
 33.049957749999997 -105.03788872999999
 33.049960930000005 -105.03782037000001
 33.049964099999997 -105.03775200999999
 33.049967269999996 -105.03768365000002
 33.049970440000003 -105.03761530000001
 33.049973610000002 -105.03754694000001
 33.049976780000001 -105.03747858
 33.049979940000007 -105.03741023000001
 33.049983109999999 -105.03734186999999
 33.049986279999999 -105.03727352000001
 33.049989439999997 -105.03720516000001
 33.049992600000003 -105.03713680999999
 33.049995770000002 -105.03706845000001
 33.049998930000008 -105.0370001
 33.05000209 -105.03693174999999
 33.050005249999998 -105.03686339000001
 33.050008409999997 -105.03679504
 33.050011559999994 -105.03672669000001
 33.05001472 -105.03665832999999
 33.050017879999999 -105.03658998000002
 33.050021029999996 -105.03652163000001
 33.050024189999995 -105.03645328000002
 33.05002734 -105.03638493
 33.050030489999997 -105.03631658
 33.050033640000002 -105.03624823
 33.050036800000001 -105.03617988000001
 33.050039949999999 -105.03611153
 33.050043089999996 -105.03604318000001
 33.05004624 -105.03597483999999
 33.050049389999998 -105.03590649
 33.050052530000002 -105.03583813999998
 33.05005568 -105.03576979
 33.050058820000004 -105.03570144
 33.050061959999994 -105.0356331
 33.050065099999998 -105.03556475000001
 33.050068240000002 -105.0354964
 33.050071379999999 -105.03542806
 33.050074519999995 -105.03535970999999
 33.050077659999992 -105.03529137
 33.050080799999996 -105.03522302000002
 33.05008393 -105.03515468000002
 33.050087069999989 -105.03508632999998
 33.0500902 -105.03501799
 33.050093330000003 -105.03494965000002
 33.050096459999992 -105.0348813
 33.050099589999995 -105.03481296000001
 33.050102720000005 -105.03474462000001
 33.050105840000008 -105.03467628000001
 33.050108970000004 -105.03460793000001
 33.050112090000006 -105.03453959000001
 33.050115210000008 -105.03447125
 33.050118330000011 -105.03440291
 33.050121449999992 -105.03433457
 33.050124569999994 -105.03426623000001
 33.050127679999996 -105.03419788000001
 33.050130800000005 -105.03412954000002
 33.050133910000007 -105.03406121
 33.050137020000001 -105.03399286999999
 33.050140130000003 -105.03392453000001
 33.050143240000004 -105.03385618999999
 33.050146340000005 -105.03378784999998
 33.050149449999992 -105.03371951
 33.05015255 -105.03365117
 33.050155650000001 -105.03358282999999
 33.050158750000001 -105.03351449000002
 33.050161849999995 -105.03344614999999
 33.050164949999996 -105.03337781999998
 33.050168049999996 -105.03330948000001
 33.050171140000003 -105.03324114
 33.050174240000004 -105.03317280999998
 33.050177330000004 -105.03310447000001
 33.050180419999997 -105.03303613999999
 33.050183509999997 -105.03296779999999
 33.050186599999996 -105.03289946000001
 33.050189689999996 -105.03283112999998
 33.050192770000002 -105.03276278999999
 33.050195860000002 -105.03269446000002
 33.050198940000008 -105.03262612
 33.050202030000001 -105.03255779
 33.05020511 -105.03248946000001
 33.050208189999999 -105.03242112
 33.050211269999998 -105.03235278999999
 33.050214349999997 -105.03228446000001
 33.050217429999996 -105.03221612999999
 33.050220509999995 -105.03214779
 33.050223579999994 -105.03207946000001
 33.050226659999993 -105.03201112999999
 33.050229739999999 -105.0319428
 33.050232810000004 -105.03187447000001
 33.050235890000003 -105.03180614
 33.050238960000001 -105.03173780999998
 33.05024203 -105.03166948000003
 33.050245109999999 -105.03160115
 33.050248179999997 -105.03153282
 33.050251249999995 -105.03146449000002
 33.050254320000001 -105.03139616
 33.050257389999999 -105.03132783
 33.05026045999999 -105.03125951000001
 33.050263529999995 -105.03119118000001
 33.050266599999993 -105.03112285
 33.050269669999992 -105.03105453000001
 33.050272740000004 -105.0309862
 33.050275810000002 -105.03091788
 33.05027887 -105.03084955
 33.050281939999998 -105.03078121999999
 33.050285009999996 -105.0307129
 33.050288069999993 -105.03064457000001
 33.050291139999999 -105.03057625
 33.050294209999997 -105.03050793
 33.050297269999994 -105.03043960000001
 33.050300340000007 -105.03037128
 33.050303399999997 -105.03030296
 33.050306459999995 -105.03023464000002
 33.05030953 -105.03016631
 33.050312590000004 -105.03009799
 33.050315660000003 -105.03002967000002
 33.050318720000007 -105.02996134999999
 33.050321779999997 -105.02989303
 33.050324840000002 -105.02982471
 33.05032791 -105.02975638999999
 33.050330970000005 -105.02968806999999
 33.050334030000002 -105.02961975000001
 33.0503371 -105.02955144000001
 33.050340159999998 -105.02948311999999
 33.050343220000002 -105.0294148
 33.050346279999999 -105.02934648999999
 33.050349349999998 -105.02927816999998
 33.050352410000002 -105.02920985
 33.05035547 -105.02914154
 33.050358540000005 -105.02907322
 33.050361599999995 -105.02900491
 33.050364659999993 -105.02893659999999
 33.050367719999997 -105.02886828
 33.050370790000002 -105.02879996999999
 33.05037385 -105.02873165999999
 33.050376910000004 -105.02866334000001
 33.050379980000002 -105.02859502999999
 33.05038304 -105.02852672
 33.050386099999997 -105.02845840999998
 33.050389169999995 -105.02839009999998
 33.050392230000007 -105.02832179999999
 33.050395300000005 -105.02825349000001
 33.050398360000003 -105.02818517999999
 33.050401429999994 -105.02811686999999
 33.050404489999991 -105.02804856999998
 33.050407559999989 -105.02798026000001
 33.050410630000002 -105.02791195
 33.050413689999999 -105.02784365000001
 33.050416759999997 -105.02777533999999
 33.050419830000003 -105.02770704
 33.050422900000001 -105.02763874
 33.050425969999999 -105.02757044000001
 33.050429039999997 -105.02750212999999
 33.050432110000003 -105.02743382999999
 33.050435180000001 -105.02736553
 33.050438249999999 -105.02729723
 33.050441319999997 -105.02722893000001
 33.050444399999989 -105.02716063000001
 33.050447469999988 -105.02709232999999
 33.050450549999994 -105.02702403000001
 33.050453619999999 -105.02695574000001
 33.050456699999998 -105.02688744
 33.050459769999996 -105.02681914999999
 33.050462849999995 -105.02675084999998
 33.050465930000001 -105.02668254999999
 33.050469009999993 -105.02661426000002
 33.05047209 -105.02654597
 33.050475169999999 -105.02647766999999
 33.050478249999998 -105.02640938
 33.050481329999997 -105.02634108999999
 33.050484409999989 -105.02627278999999
 33.050487489999988 -105.02620450000001
 33.050490569999994 -105.02613620999999
 33.050493659999994 -105.02606792
 33.05049674 -105.02599963
 33.05049983 -105.02593133999999
 33.050502910000006 -105.02586305
 33.050505999999999 -105.02579476999999
 33.050509089999998 -105.02572648
 33.050512170000005 -105.02565818999999
 33.050515260000005 -105.0255899
 33.050518350000004 -105.02552162000001
 33.050521439999997 -105.02545332999999
 33.050524529999997 -105.02538503999999
 33.050527619999997 -105.02531676
 33.050530710000004 -105.02524846999999
 33.050533800000004 -105.02518018999999
 33.050536890000004 -105.02511190999999
 33.050539980000003 -105.02504362000001
 33.050543069999996 -105.02497534
 33.050546159999996 -105.02490706
 33.050549259999997 -105.02483876999999
 33.050552350000004 -105.02477048999999
 33.050555449999997 -105.02470220999999
 33.050558540000004 -105.02463393000001
 33.050561639999998 -105.02456565000001
 33.050564729999998 -105.02449736999999
 33.050567829999999 -105.02442909000001
 33.050570930000006 -105.02436080999999
 33.05057403 -105.02429253
 33.050577130000001 -105.02422425000002
 33.050580230000001 -105.02415597000001
 33.050583330000002 -105.0240877
 33.050586429999996 -105.02401942000002
 33.050589529999996 -105.02395113999999
 33.050592640000005 -105.02388285999999
 33.050595740000006 -105.02381459
 33.050598840000006 -105.02374630999998
 33.050601949999994 -105.02367803999999
 33.050605059999995 -105.02360976000001
 33.050608159999996 -105.02354149
 33.050611269999997 -105.02347320999999
 33.050614379999999 -105.02340494000001
 33.050617489999993 -105.02333666999999
 33.050620599999995 -105.02326839
 33.050623709999996 -105.02320012
 33.050626819999998 -105.02313184999998
 33.05062994 -105.02306358000001
 33.050633049999995 -105.02299530999998
 33.050636159999996 -105.02292704
 33.050639279999999 -105.02285876999998
 33.05064239 -105.02279049999999
 33.050645499999995 -105.02272222999999
 33.050648619999997 -105.02265396000001
 33.050651739999999 -105.02258569
 33.050654849999994 -105.02251742
 33.050657969999996 -105.02244914999999
 33.05066107999999 -105.02238087999999
 33.050664199999993 -105.02231260999999
 33.050667319999995 -105.02224434
 33.050670429999997 -105.02217607999999
 33.050673549999992 -105.02210780999998
 33.050676669999994 -105.02203953999999
 33.050679789999997 -105.02197126999999
 33.050682909999999 -105.02190301
 33.050686019999993 -105.02183474
 33.050689139999996 -105.02176647
 33.050692259999998 -105.02169821
 33.050695380000001 -105.02162994000003
 33.050698499999996 -105.02156168000002
 33.050701609999997 -105.02149341000001
 33.05070473 -105.02142514000001
 33.050707849999995 -105.02135688
 33.050710970000004 -105.02128861
 33.05071409 -105.02122035000001
 33.050717210000002 -105.02115208000001
 33.050720320000003 -105.02108382
 33.050723439999999 -105.02101555
 33.050726559999994 -105.02094729
 33.050729679999996 -105.02087902
 33.050732800000006 -105.02081076
 33.050735920000008 -105.02074249999998
 33.050739030000003 -105.02067423
 33.050742149999998 -105.02060597000001
 33.05074527 -105.02053769999999
 33.050748380000002 -105.02046944000001
 33.050751499999997 -105.02040117999999
 33.050754619999999 -105.02033290999998
 33.050757740000002 -105.02026465000002
 33.050760849999996 -105.02019639
 33.050763969999998 -105.02012812
 33.050767079999993 -105.02005986
 33.050770200000002 -105.01999160000001
 33.050773320000005 -105.01992334000002
 33.050776429999999 -105.01985507000001
 33.050779549999994 -105.01978680999999
 33.050782659999996 -105.01971854999999
 33.050785779999998 -105.01965029000002
 33.05078889 -105.01958203
 33.050792000000001 -105.01951376000002
 33.050795120000004 -105.0194455
 33.050798230000005 -105.01937724
 33.05080134 -105.01930898000001
 33.050804459999988 -105.01924072000001
 33.050807569999989 -105.01917246000001
 33.050810679999998 -105.01910420000002
 33.050813789999999 -105.01903594000001
 33.050816900000001 -105.01896768000002
 33.050820009999995 -105.01889942000001
 33.050823119999997 -105.01883115999999
 33.050826229999998 -105.0187629
 33.050829329999999 -105.01869464000002
 33.050832440000001 -105.01862638000001
 33.050835549999995 -105.01855811999999
 33.050838649999996 -105.01848986
 33.05084175999999 -105.01842160000001
 33.050844859999991 -105.01835334
 33.050847959999992 -105.01828508000001
 33.050851059999992 -105.01821682000001
 33.050854159999993 -105.01814856
 33.050857259999994 -105.01808029999999
 33.050860359999994 -105.01801204
 33.050863459999988 -105.01794378000002
 33.050866559999989 -105.01787552
 33.050869649999989 -105.01780726000001
 33.050872740000003 -105.01773900000001
 33.050875840000003 -105.01767074000001
 33.050878930000003 -105.01760248000002
 33.050882019999996 -105.01753422000002
 33.050885109999996 -105.01746596000002
 33.050888199999996 -105.0173977
 33.050891289999996 -105.01732944000003
 33.050894379999995 -105.01726118000002
 33.050897459999987 -105.01719292000001
 33.050900549999994 -105.01712466000004
 33.050903630000001 -105.01705640000002
 33.05090671 -105.01698814
 33.050909789999999 -105.01691988000002
 33.050912870000005 -105.01685161
 33.050915950000004 -105.01678335
 33.050919030000003 -105.01671509000001
 33.050922110000002 -105.01664683
 33.050925190000001 -105.01657856999999
 33.050928259999999 -105.01651031
 33.050931340000005 -105.01644204999999
 33.050934409999996 -105.01637378000001
 33.050937489999995 -105.01630552
 33.050940559999994 -105.01623726000001
 33.050943629999999 -105.01616900000002
 33.050946699999997 -105.01610073000001
 33.050949769999995 -105.01603247
 33.050952840000008 -105.01596421000001
 33.050955910000006 -105.01589595
 33.050958980000004 -105.01582769000001
 33.050962040000002 -105.01575942000001
 33.05096511 -105.01569116
 33.050968179999998 -105.01562290000001
 33.050971240000003 -105.01555464000002
 33.0509743 -105.01548636999999
 33.050977369999998 -105.01541810999998
 33.050980429999996 -105.01534984999999
 33.050983489999993 -105.01528159
 33.05098654999999 -105.01521332000002
 33.050989609999995 -105.01514506000001
 33.050992669999999 -105.01507679999999
 33.050995730000004 -105.01500852999999
 33.050998790000001 -105.01494027000001
 33.051001849999992 -105.01487200999999
 33.051004909999996 -105.01480374000002
 33.051007959999993 -105.01473548000001
 33.051011019999997 -105.01466721000001
 33.051014069999994 -105.01459895000001
 33.051017129999998 -105.01453069000002
 33.051020179999995 -105.01446242000002
 33.051023239999999 -105.01439416000001
 33.051026289999996 -105.01432589000001
 33.051029349999993 -105.01425763000002
 33.051032399999997 -105.01418936000002
 33.051035449999993 -105.01412110000001
 33.051038499999997 -105.01405283
 33.051041549999987 -105.01398457000001
 33.05104459999999 -105.01391630000001
 33.051047649999987 -105.01384804
 33.051050699999998 -105.01377977
 33.051053749999994 -105.01371150999999
 33.051056799999998 -105.01364324000002
 33.051059849999994 -105.01357498000002
 33.051062889999997 -105.01350671
 33.051065940000001 -105.01343844
 33.051068989999997 -105.01337018
 33.05107203 -105.01330191
 33.051075069999996 -105.01323364000002
 33.05107812 -105.01316538000002
 33.051081159999988 -105.01309710999999
 33.051084199999991 -105.01302884
 33.051087249999988 -105.01296058000001
 33.051090289999998 -105.01289230999998
 33.05109333 -105.01282404000001
 33.051096369999996 -105.01275578000001
 33.051099409999992 -105.01268750999999
 33.051102449999995 -105.01261924000002
 33.051105479999997 -105.01255097000001
 33.05110852 -105.01248269999999
 33.051111559999995 -105.01241444000001
 33.051114599999998 -105.01234616999999
 33.05111763 -105.0122779
 33.051120669999996 -105.01220963000002
 33.051123709999999 -105.01214136
 33.051126740000001 -105.01207309
 33.051129779999997 -105.01200483
 33.051132810000006 -105.01193656000001
 33.051135840000008 -105.01186829000001
 33.051138880000003 -105.01180002000001
 33.051141909999998 -105.01173175
 33.05114494 -105.01166348000004
 33.051147979999996 -105.01159521000001
 33.051151009999998 -105.01152694000002
 33.05115404 -105.01145867000001
 33.051157069999995 -105.01139040000001
 33.051160099999997 -105.01132212
 33.05116314 -105.01125385000002
 33.051166169999995 -105.01118558000002
 33.051169199999997 -105.01111731
 33.051172230000006 -105.01104904000002
 33.051175260000001 -105.01098077
 33.051178290000003 -105.01091249000001
 33.051181319999998 -105.01084422000001
 33.051184349999993 -105.01077595
 33.051187379999995 -105.01070768000001
 33.051190409999997 -105.01063941000001
 33.051193439999999 -105.01057112999999
 33.051196459999993 -105.01050286
 33.051199489999995 -105.01043459
 33.051202519999997 -105.01036630999999
 33.051205549999992 -105.01029804000001
 33.051208579999994 -105.01022976000003
 33.051211599999995 -105.01016149000002
 33.051214629999997 -105.01009321000001
 33.051217659999992 -105.01002494000002
 33.051220679999993 -105.00995667000001
 33.051223709999995 -105.00988838999999
 33.051226729999996 -105.00982010999999
 33.051229759999991 -105.00975183999999
 33.051232779999999 -105.00968356000001
 33.051235810000001 -105.00961528000002
 33.051238830000003 -105.00954700999999
 33.05124184999999 -105.00947872999998
 33.051244879999992 -105.00941045
 33.051247899999993 -105.00934216999998
 33.051250920000001 -105.00927389
 33.051253940000002 -105.00920561000001
 33.051256969999997 -105.00913732999999
 33.051259989999998 -105.00906905000001
 33.051263009999992 -105.00900077
 33.051266029999994 -105.00893248999999
 33.051269049999988 -105.00886421
 33.051272069999996 -105.00879592999999
 33.051275089999997 -105.00872765
 33.051278109999998 -105.00865937
 33.051281129999992 -105.00859109
 33.051284149999987 -105.00852279999999
 33.051287159999987 -105.00845452
 33.051290179999995 -105.00838623999999
 33.051293199999996 -105.00831794999999
 33.051296209999997 -105.00824967000001
 33.051299229999998 -105.00818138999999
 33.051302249999999 -105.0081131
 33.051305259999999 -105.00804481999999
 33.051308280000001 -105.00797652999999
 33.051311290000001 -105.00790825
 33.051314300000001 -105.00783996000001
 33.051317320000003 -105.00777168
 33.051320330000003 -105.00770339
 33.051323340000003 -105.0076351
 33.051326359999997 -105.00756682000001
 33.051329369999998 -105.00749852999999
 33.051332380000005 -105.00743024000001
 33.051335390000006 -105.00736195
 33.051338399999999 -105.00729366000003
 33.051341409999992 -105.00722538000002
 33.051344429999993 -105.00715709000001
 33.051347439999994 -105.00708879999999
 33.051350449999994 -105.00702050000001
 33.051353459999994 -105.00695220999999
 33.051356469999995 -105.00688392000001
 33.051359479999995 -105.00681563000001
 33.051362489999995 -105.00674733999999
 33.051365499999996 -105.00667905
 33.051368509999996 -105.00661076000002
 33.051371519999996 -105.00654247
 33.051374529999997 -105.00647416999999
 33.051377549999991 -105.00640588
 33.051380559999991 -105.00633758999999
 33.051383569999992 -105.00626929000002
 33.051386579999992 -105.006201
 33.051389589999992 -105.00613269999999
 33.051392610000001 -105.00606441000001
 33.051395620000001 -105.00599611999999
 33.051398630000001 -105.00592782
 33.051401649999988 -105.00585952
 33.051404659999989 -105.00579122999999
 33.051407669999989 -105.00572292999999
 33.051410689999997 -105.00565463000001
 33.051413699999998 -105.00558633999999
 33.051416719999999 -105.00551804
 33.05141974 -105.00544974
 33.051422749999993 -105.00538144999999
 33.051425769999994 -105.00531314999999
 33.051428789999996 -105.00524485
 33.051431809999997 -105.00517654999999
 33.051434829999998 -105.00510824999999
 33.051437839999998 -105.00503996
 33.051440859999992 -105.00497166000001
 33.051443889999994 -105.00490336000001
 33.051446909999996 -105.00483506
 33.051449929999997 -105.00476676000001
 33.051452949999998 -105.00469846000001
 33.051455969999999 -105.00463016
 33.051458999999994 -105.00456186000001
 33.051462019999995 -105.00449356000001
 33.05146504999999 -105.00442526000002
 33.051468069999991 -105.00435696000001
 33.051471099999993 -105.00428865000001
 33.051474119999995 -105.00422035000001
 33.05147714999999 -105.00415205
 33.051480179999992 -105.00408375000001
 33.051483209999994 -105.00401545000001
 33.051486239999996 -105.00394714999999
 33.05148926999999 -105.00387884999998
 33.05149231 -105.00381054
 33.051495340000002 -105.00374223999999
 33.051498369999997 -105.00367394000001
 33.051501409999993 -105.00360564000002
 33.051504439999995 -105.00353733999999
 33.051507479999991 -105.00346903000001
 33.051510520000001 -105.00340073
 33.051513559999997 -105.00333242999999
 33.051516599999999 -105.00326412000001
 33.051519640000002 -105.00319582
 33.051522689999999 -105.00312752000001
 33.051525730000002 -105.00305921
 33.051528779999998 -105.00299090999999
 33.051531820000001 -105.00292261
 33.051534869999998 -105.0028543
 33.051537920000001 -105.00278599999999
 33.051540969999998 -105.00271769999999
 33.051544019999994 -105.00264939
 33.051547079999992 -105.00258108999999
 33.051550130000003 -105.00251279
 33.051553179999999 -105.00244448000001
 33.051556240000004 -105.00237617999998
 33.051559300000001 -105.00230786999998
 33.051562359999998 -105.00223957
 33.051565419999996 -105.00217126999999
 33.051568479999993 -105.00210296
 33.051571539999998 -105.00203466000001
 33.051574609999996 -105.00196635
 33.051577669999993 -105.00189804999999
 33.051580739999999 -105.00182974000002
 33.051583809999997 -105.00176144000001
 33.051586879999995 -105.00169314000001
 33.051589949999993 -105.00162483000001
 33.051593019999999 -105.00155653
 33.051596089999997 -105.00148822
 33.051599169999996 -105.00141992000002
 33.051602240000001 -105.00135162000001
 33.05160532 -105.00128331000001
 33.051608399999992 -105.00121501000001
 33.051611479999991 -105.00114670000001
 33.05161455999999 -105.0010784
 33.051617639999996 -105.00101009000001
 33.051620719999995 -105.00094179
 33.051623799999994 -105.00087348000001
 33.051626889999994 -105.00080518
 33.051629969999993 -105.00073687999999
 33.051633059999993 -105.00066857
 33.051636139999999 -105.00060027000001
 33.051639229999999 -105.00053196
 33.051642319999999 -105.00046366000002
 33.051645409999992 -105.00039534999999
 33.051648499999992 -105.00032705
 33.051651579999991 -105.00025874000001
 33.051654669999991 -105.00019044000001
 33.051657759999991 -105.00012212999999
 33.05166084999999 -105.00005383


